13.7639627457	404.32800293
13.9629745483	405.809082031
13.6795539856	394.70199585
13.0187559128	388.929016113
11.699965477	384.714080811
10.4165744781	378.233612061
10.2485189438	360.973205566
9.79056549072	349.305328369
7.8161315918	332.057281494
5.30599927902	314.802398682
4.71374797821	301.513946533
4.47477293015	286.021697998
4.17808008194	267.763061523
4.10516262054	249.57762146
3.93777751923	237.61265564
3.62233614922	224.955383301
3.55570077896	203.69758606
3.44413733482	184.557357788
3.33254289627	164.567474365
3.19539856911	146.213806152
3.0761089325	131.726287842
2.94643592834	115.15322113
2.73122763634	104.093353271
2.57952904701	86.6041030884
2.48514509201	70.6262054443
2.34750437737	61.2850646973
2.17972373962	55.6441345215
2.11716723442	44.9676856995
1.72401607037	40.3737983704
1.68591248989	36.0720405579
1.57955026627	28.7249412537
1.48064363003	26.1757850647
1.40599930286	24.0671367645
1.33741247654	21.2997512817
1.25928997993	19.6816501617
1.23277390003	17.1462631226
1.16944873333	15.9303503036
1.12721085548	13.8777360916
1.11510396004	13.3647756577
1.11013257504	11.0432729721
1.06730544567	9.84469032288
1.0291993618	9.3478937149
1.04423856735	8.90440273285
1.06641793251	8.55792617798
1.04010176659	7.57511520386
1.03108668327	6.94742012024
1.05865287781	6.83271837234
1.19821631908	7.11334037781
1.26218557358	6.89222717285
1.248929739	6.62941503525
1.24325156212	6.17632389069
1.2352887392	6.165143013
1.2453867197	5.96165418625
1.21825277805	5.96287488937
1.22652375698	5.86217451096
1.17377090454	5.38806533813
1.18130779266	4.93491125107
1.16717875004	5.21149110794
1.1900203228	5.2098608017
1.21413528919	5.73484277725
1.23641419411	6.08578777313
1.24596691132	5.85204076767
1.24709761143	5.83736515045
1.22527849674	5.83831977844
1.25525450706	5.7221493721
1.26369178295	5.94051361084
1.22527885437	5.76688718796
1.05870139599	5.32363557816
0.963904559612	5.19602632523
0.942082643509	4.80385875702
0.916265249252	4.66690397263
0.907304823399	4.67259454727
0.909265756607	4.80451345444
0.909995257854	4.95719051361
0.887617468834	4.8149394989
0.870114505291	4.74875068665
0.829765677452	4.78599834442
0.832651555538	5.21542406082
0.800895631313	5.11972951889
0.800999999046	4.87964391708
0.813087165356	4.65719366074
0.841938078403	5.03235912323
0.835597515106	5.07949113846
0.868791222572	5.44307565689
0.861335515976	5.40230607986
0.884005308151	5.18692398071
0.897922635078	5.28082466125
0.893123149872	5.06021881104
0.903543949127	4.99791622162
0.912008345127	5.07894611359
0.925026535988	5.14408349991
0.935622572899	5.36941337585
0.945679724216	5.28524494171
0.971304237843	5.10156202316
0.980425238609	5.04291820526
1.00361084938	5.09235858917
1.02070832253	5.200340271
1.03017735481	4.46509122849
1.04385781288	4.67863988876
1.02499508858	4.50872659683
1.01923382282	4.48264217377
0.980540275574	4.10561466217
0.981651544571	3.95915126801
0.949320673943	3.61735868454
0.923826932907	3.69708538055
0.905824124813	3.74892520905
0.894772052765	3.7698943615
0.880403161049	3.6329395771
0.864760637283	3.58499550819
0.853843867779	3.56925702095
0.838448405266	3.68033075333
0.837386012077	3.67626619339
0.792840003967	3.65912008286
0.76713258028	3.60008883476
0.757594645023	3.60976719856
0.745850205421	3.54199051857
0.73473072052	3.35494852066
0.736622750759	3.13920736313
0.743983209133	2.93109440804
0.735210001469	2.89353203773
0.731007754803	2.73604798317
0.739499986172	2.78288722038
0.713281154633	2.87766933441
0.724396348	2.83565044403
0.738396465778	2.7362818718
0.730535507202	2.64035868645
0.724211335182	2.56964468956
0.739067554474	2.72129011154
0.778239071369	2.76260519028
0.778041660786	2.7578587532
0.764089643955	2.66803455353
0.758533000946	2.5048789978
0.770603597164	2.59137654305
0.762780427933	2.52914023399
0.774946093559	2.57565641403
0.770849823952	2.7246427536
0.77297347784	2.82515645027
0.762689173222	3.01953482628
0.733289122581	3.00252437592
0.722596526146	2.92122507095
0.717697203159	2.92948484421
0.705194354057	2.8647415638
0.694751024246	2.98620581627
0.701129496098	3.3415491581
0.710958719254	3.49834132195
0.714344322681	3.60804843903
0.733633995056	3.59658050537
0.703466653824	3.45303726196
0.647727668285	3.46838545799
0.643543720245	3.32008004189
0.663443624973	3.19294428825
0.659561038017	3.35675787926
0.633985102177	3.47505879402
0.633639574051	3.53316164017
0.623453676701	3.67545318604
0.628736197948	3.63357329369
0.616446793079	3.52736759186
0.608934223652	3.34533333778
0.624337136745	3.37866735458
0.620988190174	3.46822500229
0.606178700924	3.55396485329
0.617249786854	3.63582873344
0.630480587482	3.46384739876
0.625881373882	3.15697264671
0.615851461887	2.97600793839
0.605503082275	2.86266446114
0.57901096344	2.8225107193
0.590078890324	3.1784787178
0.59075319767	3.22138953209
0.592247247696	3.30627036095
0.573321402073	3.31887936592
0.568441689014	3.08078575134
0.587278008461	2.84232807159
0.597406983376	2.75576519966
0.57857722044	2.55824375153
0.575038909912	2.62706923485
0.587388396263	2.76302027702
0.59554117918	2.93185710907
0.585362374783	2.98060035706
0.586269855499	2.86845326424
0.649826645851	2.71741747856
1.02869915962	3.00515413284
1.42566752434	3.22916913033
1.58444070816	3.30552077293
2.14139795303	3.4232583046
2.48089694977	3.61498451233
3.06039071083	4.41315364838
3.52207922935	4.2841835022
4.62671375275	4.43961858749
5.43784570694	4.46296405792
5.8269944191	5.42695808411
9.16313743591	5.58587932587
11.0043334961	5.74236106873
12.3730459213	5.96869373322
14.1934728622	6.80254411697
15.7509250641	7.17066240311
16.3622455597	7.35750436783
18.563835144	8.20440387726
22.362443924	8.8392829895
25.4529743195	9.63064098358
28.2461605072	10.0564489365
28.9069252014	10.4385128021
29.7542648315	11.0264530182
34.1086006165	11.0779809952
35.619392395	11.9854564667
36.6122283936	12.8723926544
37.5919914246	12.5815095901
39.5690574646	12.4737873077
39.9503555298	12.330534935
43.6168060303	12.6665821075
45.1594810486	12.02937603
43.2881698608	13.0644264221
42.5608100891	13.5351047516
42.2094764709	14.554643631
43.17029953	14.0439596176
42.6203689575	13.829202652
42.5310592651	14.1556816101
40.8217315674	13.6921043396
39.8302001953	13.730802536
38.5499687195	13.7588825226
37.1051330566	13.7742185593
37.4758377075	13.4164066315
39.0478134155	12.8883075714
37.1688613892	13.0082902908
36.9452705383	12.244849205
37.4700622559	11.4438858032
36.41796875	11.2066335678
34.3407516479	11.7750453949
33.2163848877	12.3273830414
29.1904582977	12.8760118484
27.7086601257	13.5170316696
26.6794681549	13.6951961517
25.9841804504	14.4398794174
27.6071968079	13.5210914612
29.6057949066	14.9927062988
29.4164123535	15.1220149994
31.2643470764	14.7951526642
34.1272354126	14.5251102448
34.6759414673	14.028886795
35.7049713135	14.124917984
36.2410888672	14.7180109024
35.4560585022	15.0303430557
33.3979911804	14.8989048004
31.5259094238	14.8480453491
31.0376720428	14.7653970718
30.5899238586	14.7314014435
32.780128479	14.6638936996
33.2874031067	14.0753860474
35.0242919922	13.4787569046
35.3915939331	12.9480142593
35.5921897888	12.4932641983
36.2410202026	11.2748308182
36.4245185852	9.98741912842
35.3624267578	9.73090648651
31.8676719666	8.00297260284
31.6180038452	7.6580915451
30.3531799316	7.7214846611
27.2459506989	7.59184026718
24.459028244	7.48602867126
22.2952976227	6.71177148819
21.9278430939	5.83796453476
22.6326179504	5.26765346527
23.3538284302	5.21797227859
22.8490104675	5.15675258636
21.7756004333	5.53303003311
20.6019477844	5.7446141243
19.8129653931	5.7288517952
20.2762966156	5.86441373825
20.276140213	6.0368180275
19.9403133392	5.92450475693
20.6460132599	5.60116147995
19.724363327	5.56318664551
19.1981620789	5.80020236969
20.3539829254	5.7467508316
20.9801101685	5.73058271408
20.6808624268	5.66364097595
19.8549976349	5.31499958038
19.7479839325	5.21585035324
19.571313858	5.07984972
19.0586776733	4.94376277924
18.4615535736	4.81532859802
18.3229370117	4.69809246063
17.0781288147	4.58873462677
17.2444057465	4.4849653244
17.067609787	3.95443034172
16.9703121185	3.58260464668
15.1189994812	3.45186471939
13.8543977737	3.24332880974
11.9942865372	3.04943847656
11.8975296021	2.75588703156
11.274263382	2.62525749207
11.2245168686	2.54703950882
11.1620597839	2.28066682816
8.46221828461	2.36573696136
6.64720487595	2.3264837265
6.56398630142	2.30519318581
6.45069646835	2.29791378975
6.45112657547	2.2791891098
6.43314266205	2.24129915237
6.409927845	2.23343777657
5.44914340973	2.21510028839
4.2400097847	2.14815592766
4.1537194252	2.12908673286
3.84920692444	2.04372000694
3.83891773224	1.98513674736
4.10257291794	1.97413098812
5.29518270493	2.07445144653
5.96918344498	2.29218935966
6.19171190262	2.48370170593
6.04875421524	3.52909946442
6.29044103622	4.82865715027
9.41296482086	6.18959569931
14.0987443924	7.36183071136
15.6121358871	9.99407863617
20.2265281677	11.1453552246
22.6481285095	11.7596855164
25.5415534973	13.7561130524
27.3252506256	15.8639411926
32.6329841614	16.3450107574
33.2621383667	18.7320537567
35.6345787048	19.6084823608
37.4757881165	20.2825737
42.9056167603	21.209236145
47.6208267212	24.185300827
48.8568382263	26.9939842224
52.2974815369	28.7413578033
53.7775344849	32.7684135437
58.6831512451	33.6825828552
61.7058258057	35.4046173096
63.2244415283	36.1259536743
64.4794998169	36.0807609558
65.1498413086	39.7985801697
62.368560791	41.3994789124
64.5276641846	40.8284950256
68.4230880737	40.7240447998
68.4319000244	45.5771598816
69.4090042114	51.894744873
72.7855911255	53.9118881226
69.3484039307	59.5934257507
69.8068237305	65.134979248
70.6611480713	74.9057693481
74.9685211182	91.2301483154
80.2356033325	101.788803101
84.5812759399	114.814430237
84.7705688477	116.209716797
85.4814910889	121.743789673
89.8353347778	121.501480103
86.4398727417	130.70350647
89.8040771484	131.539718628
100.012825012	133.63722229
105.678665161	137.343887329
110.371856689	139.202941895
114.797264099	139.872283936
117.06036377	141.180282593
112.131629944	144.014404297
123.708587646	145.360137939
129.976104736	140.61050415
134.246032715	146.296188354
139.917190552	150.408676147
149.343978882	144.391952515
159.303604126	150.055465698
163.674972534	142.274658203
162.053466797	138.573501587
164.07019043	133.215148926
173.472946167	137.143432617
180.780838013	138.624237061
183.598175049	141.922073364
196.974578857	137.505859375
204.203781128	141.427398682
202.586212158	141.777511597
198.030517578	146.745880127
196.024932861	143.772338867
194.434829712	144.68951416
190.916549683	145.73085022
192.743896484	148.16973877
183.141372681	147.74887085
176.550552368	149.825439453
170.060897827	145.099838257
167.186782837	138.070266724
157.535858154	140.941696167
148.543991089	131.238265991
141.493881226	125.981033325
137.858062744	122.036048889
128.683685303	127.558074951
119.909934998	126.720344543
115.877975464	121.7967453
110.781837463	120.287689209
99.6829376221	126.347640991
88.0238189697	123.638549805
79.7302093506	126.358665466
78.1665267944	139.861862183
74.7077636719	135.831039429
74.317741394	136.157226562
77.2134857178	146.449478149
73.6755371094	140.019958496
72.2660522461	158.312576294
72.4751663208	168.807479858
70.8067092896	178.488021851
69.8184967041	193.588439941
73.0638961792	206.073486328
75.3891448975	211.994567871
76.8861083984	226.965316772
79.736831665	243.523864746
84.3435516357	252.168884277
85.2051620483	252.061035156
78.3195037842	270.282592773
74.7529296875	288.214813232
77.4980163574	299.438323975
77.7656478882	319.477294922
77.0690841675	335.529388428
76.1491317749	335.137390137
83.0195999146	335.127288818
86.7040100098	351.344940186
81.873260498	347.628662109
80.4599914551	359.535247803
78.4835662842	356.955841064
79.5274658203	355.54586792
79.2755432129	364.08013916
76.1154937744	362.534606934
72.5244216919	366.727600098
67.1738739014	374.964874268
64.6250991821	370.38961792
57.207359314	371.843566895
50.8193664551	362.387481689
48.1287155151	377.192840576
47.7918052673	373.978912354
46.8324546814	369.37411499
39.6966056824	364.440643311
37.1016578674	356.471038818
35.9343986511	337.973388672
35.2176589966	323.449615479
25.428237915	335.146484375
17.556936264	320.88092041
17.1610984802	323.229370117
16.8585987091	311.937225342
15.7797145844	302.37902832
10.9360599518	299.731018066
9.87972450256	276.349487305
9.16719532013	259.50012207
8.63152313232	262.887481689
7.50974464417	246.49597168
5.22689962387	235.883132935
4.33305358887	218.160232544
4.39492750168	206.074508667
4.45161676407	188.625823975
3.96219944954	171.012069702
3.70514297485	153.09413147
3.64681267738	137.388153076
3.61404061317	123.204421997
3.45613694191	119.080604553
3.32877135277	111.380126953
3.13523030281	100.804344177
2.99659252167	95.4213867188
2.91392254829	82.6211776733
2.68829131126	83.0703430176
2.6004216671	71.7499313354
2.47723960876	59.9008026123
2.36626410484	60.1403656006
2.19987916946	60.8684463501
2.10911989212	36.1972312927
2.04121279716	31.9991550446
1.96257185936	28.4467811584
1.87552261353	25.4914684296
1.60728561878	23.4415454865
1.33063495159	19.6055965424
1.2725559473	18.9902153015
1.25820553303	18.3730792999
1.18024134636	16.2935276031
1.15660452843	14.5903863907
1.17380940914	15.178563118
1.19291961193	14.4929456711
1.2133140564	13.6173334122
1.2075523138	12.7176895142
1.17983734608	12.281165123
1.1673116684	11.3694410324
1.13530468941	10.1516189575
1.13699936867	9.9368391037
1.17795884609	9.77280330658
1.21593904495	9.53865814209
1.20893347263	9.65344619751
1.50400447845	10.7392702103
1.50543820858	11.0136966705
1.48872923851	9.85772895813
1.44567096233	8.66536521912
1.33182561398	8.06484985352
1.30648934841	7.55550575256
1.42073440552	7.11780309677
1.4132771492	6.88899230957
1.39497411251	6.95339918137
1.34171497822	6.06685256958
1.32726085186	6.10123109818
1.31208109856	6.09343957901
1.29683792591	5.89674806595
1.31058192253	5.72746992111
1.35265660286	5.78182029724
1.35351753235	6.10219669342
1.35279130936	6.23894882202
1.32283437252	6.23687028885
1.27956604958	5.82768392563
1.25741279125	5.54032468796
0.948314368725	4.51806497574
0.994867444038	4.27367448807
1.01038777828	4.91327905655
1.01744115353	5.3332324028
1.08869493008	5.36359739304
1.60763204098	5.38340854645
3.42171788216	6.29319381714
4.69230651855	6.40883398056
5.33002948761	7.08516454697
7.35433006287	7.30927991867
8.66440582275	7.63454532623
9.90706157684	8.35772800446
11.6286249161	8.42345619202
13.4811201096	9.04187297821
16.6993522644	9.15564632416
19.6886405945	9.3194694519
20.9979343414	10.2673044205
22.7869415283	10.6526508331
23.4262428284	10.8032722473
25.6882400513	11.597205162
26.2994041443	13.5843133926
27.3062782288	14.7456903458
27.5154953003	14.4383640289
28.9188365936	14.2611379623
31.4250526428	14.8302354813
37.1252098083	15.537987709
38.3420219421	15.3983297348
41.231098175	15.1881837845
46.3808860779	15.4136943817
48.0064125061	15.3101930618
48.3772315979	15.0567312241
48.9189682007	14.9080381393
50.2044219971	14.9912166595
49.5759429932	14.7698898315
50.5166244507	15.5592107773
48.8764610291	16.0056304932
49.5339431763	17.1332645416
48.9093704224	17.2250461578
53.3197250366	17.8010673523
54.0657577515	17.4963970184
56.8588142395	16.9401454926
56.8259315491	16.2464046478
60.5262451172	16.4042835236
60.4223060608	17.326675415
58.3737068176	18.6382827759
56.4327049255	18.5403690338
60.9242858887	18.1490268707
60.2812461853	18.4976673126
58.6687088013	18.7144355774
57.2245979309	21.3573951721
57.3420066833	22.2149944305
58.2055091858	22.2394256592
59.6323242188	22.3026313782
59.8849830627	22.1257171631
58.6122779846	22.525062561
60.6523704529	24.2239818573
59.6374893188	25.4916763306
58.460483551	25.7395324707
55.9292373657	28.9106655121
63.5470619202	34.2354812622
70.4405441284	34.5586891174
80.9172592163	40.4499359131
87.4042739868	44.9481773376
98.2120361328	55.6312599182
110.302146912	56.5109062195
118.463699341	59.4480743408
123.020439148	63.8855209351
130.514923096	69.9582824707
138.674606323	72.0602722168
148.772872925	72.3857498169
159.955841064	75.5181884766
168.545166016	78.6381530762
177.404006958	80.5093460083
175.879348755	82.3526687622
172.918884277	83.0880737305
182.105743408	82.2141647339
183.822097778	79.8955535889
186.942947388	80.0725326538
186.148345947	76.8589630127
178.602127075	72.690032959
169.43560791	73.0370101929
159.525787354	67.4049453735
151.179214478	62.7857398987
142.282592773	51.3622512817
130.14390564	48.8420219421
118.524711609	45.4547309875
106.986358643	40.935295105
97.5353469849	34.681552887
85.8586349487	31.4219093323
74.1538619995	28.4978504181
62.1821212769	24.4978866577
51.1525192261	20.8179588318
38.490322113	18.7919502258
39.3792648315	16.8881454468
39.9105415344	14.8770856857
27.4611549377	13.3897190094
24.968837738	12.3685865402
22.8938312531	11.7051095963
21.6991081238	11.2120819092
18.768037796	9.77488994598
18.5350494385	7.59477519989
18.2147979736	7.06483078003
16.481054306	7.21107053757
13.4168720245	7.05298376083
13.2066707611	6.89597082138
12.8328065872	6.76135444641
12.6519756317	6.57311582565
11.5686712265	6.3707947731
11.020898819	6.2458319664
11.4087572098	6.85808229446
11.012049675	6.71298742294
10.8988676071	6.60421037674
10.4481716156	6.36301708221
9.63046073914	6.29588890076
9.1613445282	6.1299366951
9.40893173218	5.96465587616
9.33320426941	5.83573436737
8.69538879395	5.7974653244
8.24071311951	5.82569265366
8.13641262054	5.74475431442
7.31280088425	5.5657377243
6.06031370163	5.80799198151
6.12892246246	5.60305213928
6.43923568726	5.51410675049
6.25481319427	5.4063668251
6.11413288116	5.34163331985
5.71546554565	5.19069576263
5.48621845245	5.22472238541
6.19576215744	5.2408914566
5.83417224884	4.48506546021
5.25847387314	4.3731675148
5.21260404587	4.42997121811
5.00318050385	4.44404792786
5.02674293518	4.5300321579
5.04139232635	4.57519578934
4.69850635529	4.62897586823
4.61822938919	4.63258218765
4.52520227432	4.59890079498
4.86714887619	4.3758187294
5.02046537399	4.4238038063
4.96119403839	4.47313165665
4.9811425209	4.03392648697
4.63071393967	3.75528001785
4.23718214035	3.72166728973
4.49165678024	3.65680217743
4.52556037903	3.70053195953
5.0393819809	3.80244159698
5.20563745499	3.86625885963
4.58227682114	3.82513403893
4.25213766098	3.90806388855
4.3330321312	3.95461654663
4.7145781517	3.94699692726
5.99980020523	3.98308444023
6.13180828094	4.08700084686
6.32829666138	4.1487660408
6.74970149994	4.19866323471
6.79058218002	4.22622013092
6.90665864944	4.30079650879
7.34472179413	4.35480546951
8.52338600159	4.96152639389
9.46147155762	5.31497001648
9.65600395203	5.2501244545
10.1335439682	5.20953655243
10.2830038071	5.12508630753
9.97963047028	5.1360168457
9.68457317352	5.13638162613
9.19995689392	5.27251386642
9.36808776855	5.13882303238
10.5983667374	5.25016069412
10.9437217712	5.41800880432
11.4160509109	5.44788646698
11.0030002594	5.70144319534
9.74853134155	5.75175333023
9.65991210938	5.93391942978
9.53715419769	6.26520347595
9.35464382172	6.19974660873
9.43048858643	6.17808151245
9.75907802582	6.2413611412
9.97723484039	6.57344532013
8.65743732452	6.41832447052
7.8328127861	6.54393959045
7.81767606735	7.28477430344
7.68711805344	7.31811761856
7.86486959457	7.76099920273
7.9596824646	7.95224666595
8.2867603302	8.14206314087
8.27541637421	8.23848438263
7.88194942474	8.87905311584
6.43995380402	8.79351234436
5.80864667892	8.70853233337
5.1926612854	8.9229221344
5.22355937958	8.79424285889
5.34701633453	8.75741291046
6.11753129959	8.60227012634
7.32531642914	8.34214687347
7.7414059639	8.5334148407
8.15423870087	8.63336086273
7.51674079895	8.58303833008
6.78631305695	8.50182914734
7.98217344284	8.35866641998
9.65435886383	8.62916088104
10.7296628952	14.5748186111
10.7303495407	15.6820869446
13.3065891266	16.8461990356
17.0907859802	18.9701747894
20.6004428864	20.9319343567
23.5171451569	24.2916374207
26.346326828	27.2589740753
34.6729049683	28.2104740143
39.8054199219	31.6675777435
41.7380561829	35.089881897
44.1713409424	38.0759048462
49.6348609924	39.1227760315
53.8948631287	40.7479553223
55.2688140869	42.8031463623
62.9842262268	45.692035675
70.8419418335	48.7586326599
75.5789260864	51.8046607971
77.6693572998	52.6354408264
78.8598098755	53.3032150269
78.5828933716	54.5560112
78.7638549805	49.7615623474
83.005859375	52.4908370972
87.010635376	51.9330673218
86.4722213745	49.9440956116
84.3729019165	49.7391166687
85.8327865601	48.8936080933
87.6808929443	46.1328086853
90.0509719849	46.7210922241
90.9612121582	47.1076202393
95.7502441406	46.8396492004
99.4102935791	47.2170333862
105.088592529	55.8721885681
106.661407471	57.6001052856
111.442298889	58.1473884583
111.876045227	58.8267402649
111.5548172	62.9400978088
115.764839172	65.2760925293
123.773269653	69.9261245728
129.078903198	79.0025634766
136.280151367	76.8959655762
146.33392334	81.3457794189
153.242431641	83.9381561279
152.307983398	88.4399719238
152.814804077	95.8857269287
150.979598999	97.1306686401
159.055252075	109.255996704
162.317321777	116.716667175
152.263061523	125.307891846
146.740631104	139.765579224
142.2003479	160.181686401
138.715515137	172.703094482
134.22718811	177.986190796
131.709884644	188.863052368
125.691093445	192.121063232
119.662094116	194.89932251
112.133377075	194.360946655
103.465896606	193.926010132
99.1603775024	207.002532959
96.7415771484	208.97102356
91.8096084595	215.8671875
83.1471176147	224.710464478
72.7866439819	237.042984009
69.7497634888	242.876998901
69.2305145264	244.659164429
71.0202560425	250.98991394
67.2669219971	246.70274353
68.3113937378	252.903823853
68.173034668	259.591552734
73.1707382202	253.005813599
74.8099594116	240.971069336
72.4806900024	242.119476318
72.3240585327	237.026138306
72.4728088379	239.830123901
73.2124710083	245.159484863
76.4064941406	248.57673645
81.6851501465	250.263458252
82.4793167114	251.293518066
80.986076355	239.05645752
78.3869400024	235.167495728
84.04322052	235.063552856
84.387298584	228.727767944
85.954498291	214.755615234
84.5941238403	209.829711914
81.4682388306	205.11505127
80.0968475342	202.223846436
78.4174804688	195.516906738
71.6850280762	187.368911743
72.2514343262	173.378463745
66.9753265381	166.416091919
63.4194641113	157.90788269
63.6408729553	144.174468994
58.5585708618	137.03503418
55.0749588013	124.321136475
55.9083175659	116.386543274
50.1982078552	108.450080872
44.9853210449	102.084190369
46.9185562134	99.4523468018
44.4576187134	94.8588790894
42.4207801819	89.3743896484
34.523059845	84.4450149536
31.5577697754	86.8021621704
29.8766956329	91.8702392578
29.9750823975	85.7232513428
32.765247345	83.4918289185
33.931224823	84.1617126465
27.9460544586	81.1641616821
26.3882446289	78.0842208862
26.7808456421	77.2376785278
27.7123336792	72.9599227905
27.9684295654	71.0827636719
27.6182289124	72.744468689
26.3555240631	76.9476089478
25.5766887665	73.5961608887
23.3485870361	70.710899353
25.1976890564	68.7464904785
25.2543964386	66.7347869873
22.3858203888	63.2555351257
20.6019325256	61.280456543
20.828666687	58.5422592163
19.511346817	56.8090744019
19.4180545807	45.5082778931
18.5841121674	35.6539535522
18.1241493225	35.4223213196
15.3737802505	32.8160896301
13.9772844315	25.4520645142
12.8925218582	24.4644298553
12.2172250748	21.1522960663
11.2292528152	19.055688858
10.2444429398	18.4517707825
9.89651107788	17.0964050293
10.3097791672	11.9821252823
10.6690797806	4.99318599701
10.645690918	3.86456203461
9.89501667023	3.32568502426
7.79317808151	3.26898622513
7.29854154587	3.26273822784
7.32891750336	3.32743430138
7.45292758942	3.33173418045
7.67076635361	3.40305495262
8.08325958252	3.40863013268
8.02016448975	3.46435260773
7.78309965134	3.44320034981
6.58965730667	3.44414567947
6.36063528061	3.44652175903
6.70804309845	3.43985128403
7.33334922791	3.54653167725
7.23239278793	3.63710570335
6.92969942093	3.71820878983
7.13432502747	3.71116304398
7.7811999321	3.6302921772
7.2507481575	3.61028933525
6.68704891205	3.62052822113
6.77972316742	3.61893963814
7.00545406342	3.70330190659
7.66287183762	3.68286061287
8.57889175415	3.60031628609
8.44447994232	3.54680418968
8.44603633881	3.5255408287
7.9080119133	3.5873208046
7.88185310364	3.55891752243
8.09984111786	3.63536715508
8.15142154694	3.65858006477
8.23300743103	3.73052620888
8.74140930176	3.73052453995
8.62642288208	3.87870240211
8.67815208435	3.87789082527
9.25367164612	3.86875200272
9.55947113037	3.82287621498
9.72735118866	3.83987689018
9.34536647797	3.86221790314
9.27175426483	3.99740576744
9.47906303406	3.98244285583
9.52284526825	4.026720047
10.0637588501	3.99448156357
9.40828895569	4.04959964752
8.57161617279	4.10983324051
9.0617980957	4.11125850677
8.91418266296	4.04063177109
8.40358352661	4.04281806946
7.90503120422	4.06409311295
7.86766624451	4.04848623276
8.8477640152	4.07516717911
9.51754951477	4.03948354721
10.1644067764	4.04856061935
10.4248819351	4.00240468979
9.94852638245	3.95038104057
9.30992031097	4.01466989517
8.85984325409	4.05442237854
8.41865825653	4.1411614418
8.00294494629	4.14680194855
8.13607406616	4.13068389893
8.02879428864	4.22692584991
8.29712867737	4.24394702911
7.69028377533	4.21635150909
7.86038589478	4.23727321625
8.01343345642	4.21150255203
7.4846162796	4.2994799614
7.20558691025	4.39864683151
7.22593688965	4.40145587921
7.28269577026	4.4088010788
7.65685939789	4.41914415359
7.33799171448	4.37559366226
6.54730319977	4.4071097374
5.51229858398	4.41518592834
4.90155506134	4.4718503952
4.65847253799	4.48538255692
4.8696603775	4.49234342575
5.00558567047	4.50444316864
5.14674043655	4.4763007164
5.26469373703	4.47914505005
5.16081666946	4.48812866211
5.56840896606	4.4263048172
5.78934144974	4.42721223831
5.66698741913	4.45484209061
5.61728334427	4.47637653351
5.30329179764	4.58028936386
5.38671636581	4.56018161774
5.70417118073	4.6025800705
5.66595745087	4.6354765892
5.66622972488	4.64090776443
5.11669397354	4.64638853073
4.38005924225	4.69955253601
4.33304071426	4.67774343491
4.17378425598	4.72377920151
4.15616369247	4.68811321259
4.19222450256	4.72510671616
4.2291932106	4.67829418182
4.36343050003	4.70521354675
4.63917350769	4.6638917923
4.59661245346	4.65921640396
4.65909719467	4.57816886902
4.09086465836	4.59922170639
3.45344901085	4.5675034523
3.36606574059	4.57996225357
3.442507267	4.53479957581
3.56779289246	4.45716190338
3.52559494972	4.42963504791
3.12243890762	4.42268753052
3.1166908741	4.35342168808
2.98104429245	4.38281774521
2.86145710945	4.38577222824
2.96777510643	4.38932514191
6.53961801529	10.4368743896
6.59071445465	10.4795427322
6.94878101349	10.4719848633
7.13699102402	10.5733613968
6.88006353378	10.6526660919
6.6101565361	10.806517601
6.07761096954	10.7577581406
6.08984661102	10.8878078461
6.07528543472	10.8833112717
6.28129196167	11.0657663345
6.26881885529	11.0044441223
6.29796600342	11.0883684158
6.17052268982	11.0489263535
6.09976100922	11.0578651428
6.07776403427	11.0408840179
6.18811655045	11.0851221085
6.31409788132	11.056180954
6.46856117249	11.11079216
6.54877948761	11.069478035
6.53704404831	11.1375303268
2.9829211235	5.05703163147
2.93193149567	5.08808469772
2.55115818977	5.01985359192
2.36318826675	4.96172189713
2.37554526329	4.80573272705
2.39346170425	4.66654825211
2.53402209282	4.72184371948
2.54508757591	4.70098400116
2.46714711189	4.69122695923
2.38688158989	4.54905223846
2.40269231796	4.56765365601
2.36648130417	4.51782178879
2.28926038742	4.53530359268
2.26930427551	4.5727558136
2.20709061623	4.54627943039
2.08749175072	4.50492095947
1.89872395992	4.49240589142
1.83317542076	4.44510173798
1.89788472652	4.41331243515
1.83236527443	4.33307552338
1.91270375252	4.30743455887
2.01404857635	4.21542596817
2.15214014053	4.18463230133
2.21391701698	4.11621522903
2.18317770958	4.16358947754
2.16306257248	4.13082933426
2.02973484993	4.06717395782
2.00778841972	4.00025129318
2.07484817505	3.95638608932
1.9745143652	3.90986704826
2.12331533432	3.87108683586
2.17098617554	3.81836104393
2.19847917557	3.76833534241
2.10092401505	3.69192862511
2.13669872284	3.58327674866
2.23000407219	3.48845148087
2.27236127853	3.45309233665
2.15740942955	3.3963997364
2.01314330101	3.40394830704
2.06272673607	3.38813400269
2.00127434731	3.36313033104
1.96936678886	3.34226155281
1.83010745049	3.31830716133
1.75197041035	3.2667427063
1.76493215561	3.18696141243
1.76870536804	3.122184515
1.83557665348	3.08642292023
2.07675909996	3.09452867508
2.14763450623	3.04926848412
2.12505173683	2.98739433289
1.94148206711	2.94652748108
1.89981675148	2.90822649002
1.84253907204	2.86671996117
1.83143913746	2.83541202545
1.85526454449	2.89175820351
1.78491330147	2.86935949326
1.76051926613	2.81293940544
1.75469827652	2.77111339569
1.75544762611	2.70843100548
1.67418718338	2.61495828629
1.68861508369	2.55910134315
1.76333451271	2.52278709412
1.86844670773	2.4919500351
1.98408508301	2.45938658714
1.98234510422	2.46173262596
2.00401139259	2.48392820358
1.96062898636	2.47129297256
1.80536544323	2.37221884727
1.63989186287	2.39318847656
1.60451459885	2.37760829926
1.61050450802	2.37564182281
1.60166203976	2.36014342308
1.65828549862	2.36939716339
1.68226373196	2.38577914238
1.58353078365	2.34353613853
1.56163108349	2.33288359642
1.64781820774	2.34830856323
1.68126404285	2.35547876358
1.7430267334	2.34913110733
1.78029704094	2.36189937592
1.77551651001	2.38556861877
1.71488273144	2.39442420006
1.76696276665	2.36632490158
1.70172572136	2.37590098381
1.78482747078	2.37540817261
1.7523663044	2.37512230873
1.74081170559	2.36488294601
1.56627380848	2.382625103
1.6021091938	2.40318775177
1.62146711349	2.38591718674
1.59986460209	2.441188097
1.7178235054	2.51207232475
1.66724598408	2.52648663521
1.61360323429	2.50098323822
1.61339616776	2.57845807076
1.61913359165	2.6162917614
1.56513810158	2.65219950676
1.7534198761	2.68146729469
1.78300583363	2.76748180389
1.85735595226	2.81438684464
1.84575533867	2.87192702293
1.75900697708	2.89231729507
1.63701069355	2.97749114037
1.60597467422	3.01575231552
1.52250683308	3.0427904129
1.50401687622	3.04056620598
1.53468811512	3.10511302948
1.57074701786	3.14448022842
1.64628553391	3.15349555016
1.73655343056	3.20080924034
1.75238931179	3.19604372978
1.62965500355	3.16981315613
1.64680171013	3.20696425438
1.64704024792	3.2218747139
1.67437291145	3.21006727219
1.712931633	3.23200964928
1.71553504467	3.27690577507
1.52267682552	3.26685428619
1.63069581985	3.2589776516
1.59748065472	3.25377225876
1.6093351841	3.23898673058
1.61443960667	3.25870275497
1.66448962688	3.2867975235
1.62378394604	3.25971126556
1.67535984516	3.30071520805
1.74617338181	3.26194572449
1.76376318932	3.26742124557
1.7437466383	3.26548290253
1.66151726246	3.29070782661
1.57003605366	3.27918934822
1.58543753624	3.30447912216
1.72363483906	3.27871417999
1.79522502422	3.31495571136
1.83208715916	3.31180286407
1.93579721451	3.39846539497
1.90391159058	3.40342855453
1.89153671265	3.40353488922
1.86676228046	3.41123795509
1.66182005405	3.43421816826
1.58406829834	3.43471765518
1.57151949406	3.49812912941
1.57190299034	3.49430370331
1.54925477505	3.52899885178
1.64979481697	3.57682085037
1.71365559101	3.61732077599
1.65717613697	3.6583147049
1.67580664158	3.6867749691
1.69445157051	3.68797826767
1.66890144348	3.73653936386
1.65037560463	3.73703432083
1.69130814075	3.78616547585
1.64193582535	3.81102991104
1.6132632494	3.81191849709
1.58714902401	3.86865234375
1.55054068565	3.87314152718
1.67439210415	3.87034773827
1.74925327301	3.9057738781
1.88977324963	3.91894602776
2.04148173332	3.96502327919
2.05171585083	3.99117946625
2.03896403313	3.99874138832
2.04151701927	4.04925918579
1.97970914841	4.04620552063
1.89489245415	4.04376077652
1.84977281094	4.07579946518
1.89989864826	4.05686759949
1.8614269495	4.06595993042
1.86194562912	4.09493303299
1.96539974213	4.1139793396
1.98071432114	4.2125544548
1.95414853096	4.19453907013
1.8671759367	4.20746850967
1.92261135578	4.22956609726
2.2146525383	4.21120548248
2.23720502853	4.15970563889
2.15508651733	4.17106819153
2.10157775879	4.15167665482
1.99979507923	4.1813416481
1.9640661478	4.12827253342
1.99467003345	4.15352678299
2.0063431263	4.12521123886
2.00136518478	4.11459684372
2.03594446182	4.11339426041
2.02690625191	4.13872241974
2.05973315239	4.06869935989
2.15828132629	4.12410926819
2.24269318581	4.0973277092
2.24156522751	4.10613489151
2.16741299629	4.05802583694
2.15435266495	4.00400114059
2.10749220848	3.99156713486
2.16414093971	4.039457798
2.0656247139	3.99329686165
1.78538799286	4.01202106476
1.67753636837	4.03947782516
1.68179297447	4.05764341354
1.72870028019	4.03001499176
1.70398116112	4.04778862
1.63064336777	4.08746051788
1.74532425404	4.11951494217
1.90437746048	4.14605665207
1.94422221184	4.15294742584
1.96264743805	4.0636100769
1.97185671329	4.07159805298
1.88101816177	4.033244133
1.73517012596	4.00231122971
1.69688105583	3.95630311966
1.6997859478	3.93800282478
1.73674762249	3.88228487968
1.75622034073	3.87268090248
1.815959692	3.82989001274
1.87647128105	3.81947517395
1.99493002892	3.80931711197
1.98967707157	3.81126236916
2.00971746445	3.76130652428
1.98908627033	3.76869344711
1.89850926399	3.78925180435
1.90262579918	3.75027179718
5.46739721298	9.80938434601
5.3240647316	9.80266189575
5.14161396027	9.71983909607
5.13012504578	9.69229221344
5.15197896957	9.67850875854
5.17573308945	9.64692115784
5.1591091156	9.61658668518
5.15545368195	9.64118003845
5.08092355728	9.66837120056
5.08063554764	9.69361305237
5.01366376877	9.68210601807
4.98945426941	9.70245838165
4.97730588913	9.65769958496
4.92727518082	9.65078449249
4.80121612549	9.61640262604
4.84017658234	9.60168838501
4.83688402176	9.56023311615
4.78918743134	9.51248455048
4.79390525818	9.42739391327
4.78579807281	9.40756988525
1.21338665485	3.24587774277
1.29790842533	3.1755065918
1.31797015667	3.12968564034
1.29015851021	3.09934425354
1.19998300076	3.08665823936
1.19518232346	3.05852556229
1.25504148006	3.05699872971
1.26418709755	3.00530648232
1.28155589104	2.96450304985
1.243709445	2.88494086266
1.25950407982	2.85557770729
1.29064118862	2.79020166397
1.37097287178	2.85239624977
1.31965088844	2.82993888855
1.30340647697	2.77488279343
1.23088002205	2.72143054008
1.18536889553	2.70442843437
1.32674014568	2.67803263664
1.38249754906	2.64956116676
1.40097618103	2.60008358955
1.35879123211	2.55541849136
1.27017474174	2.53501677513
1.24345016479	2.51620483398
1.23907780647	2.48964357376
1.33402299881	2.5224301815
1.35226452351	2.47902369499
1.29858350754	2.46346402168
1.31773042679	2.45309042931
1.31619691849	2.39642047882
1.35332131386	2.39299297333
1.43033027649	2.40310907364
1.42384374142	2.38239812851
1.36371004581	2.2675549984
1.35176408291	2.21559810638
1.32926797867	2.19294238091
1.35664224625	2.16762089729
1.35232412815	2.12951850891
1.22575712204	2.14221382141
1.16771054268	2.14157772064
1.24810087681	2.13251018524
1.43277156353	2.10923504829
1.46340978146	2.09534311295
1.48285591602	2.10528326035
1.49506485462	2.10487246513
1.43024396896	2.03090262413
1.39296019077	2.01694512367
1.49333870411	1.98939049244
1.5949113369	2.02812862396
1.69609582424	2.02564287186
1.693390131	2.01853871346
1.65748941898	2.011698246
1.64726698399	2.01572418213
1.57609188557	2.05813121796
1.63495314121	2.07400846481
1.6676466465	2.11379623413
1.7053592205	2.14159727097
1.70965743065	2.14859080315
1.75696027279	2.16717743874
1.75995707512	2.19017648697
1.64510786533	2.23369455338
1.51408648491	2.29006195068
1.71854960918	2.28961467743
1.85280418396	2.33513188362
1.89953517914	2.35545444489
1.89275729656	2.39995598793
1.87765991688	2.4241566658
1.75450825691	2.45759439468
1.61799418926	2.43539690971
1.59780991077	2.47324872017
1.62052595615	2.52450442314
1.59627819061	2.54987382889
1.64047718048	2.57917261124
1.67173361778	2.61438369751
1.60124349594	2.65898180008
1.60374832153	2.70216059685
1.61337530613	2.74049067497
1.62584257126	2.78524446487
1.64022028446	2.80104708672
1.64298069477	2.84554314613
1.67886066437	2.85215616226
1.68076002598	2.85791230202
1.46105027199	2.88008141518
1.37664115429	2.9092438221
1.33642089367	2.93583345413
1.36095058918	2.96777296066
1.37319719791	2.99821543694
1.46037459373	3.06054186821
1.51600968838	3.07722520828
1.58868157864	3.13188648224
1.57298254967	3.12084007263
1.57221078873	3.13859176636
1.54001903534	3.18331885338
1.61940813065	3.21174263954
1.66194629669	3.18347263336
1.65351212025	3.19173049927
1.74097013474	3.21324372292
1.76417815685	3.26580429077
1.66664409637	3.26740121841
1.65905094147	3.31849718094
1.6611764431	3.36636137962
1.6295593977	3.43337106705
1.65351104736	3.46126413345
1.63445401192	3.48322629929
1.69171559811	3.53711104393
1.65167891979	3.5794570446
1.65296244621	3.59146904945
1.60592925549	3.61912059784
1.54018950462	3.59958028793
1.33243370056	3.58822655678
1.31764781475	3.56482481956
1.31148469448	3.62068152428
1.29752540588	3.59674835205
1.22660899162	3.6486928463
1.21441543102	3.68531012535
1.28586566448	3.72310209274
1.15628921986	3.6888563633
1.16931867599	3.66090607643
1.20875203609	3.62498950958
1.25238108635	3.6083753109
1.28517401218	3.5963280201
1.35121965408	3.58078932762
1.35334432125	3.5686044693
1.3242212534	3.576151371
1.37562334538	3.57193994522
1.44823145866	3.59131526947
1.5055719614	3.61832690239
1.4868439436	3.60997843742
1.48798918724	3.63454461098
1.53255987167	3.68832159042
1.59689927101	3.69832801819
1.67211341858	3.7303647995
1.67103934288	3.73287701607
1.76322758198	3.71684575081
1.92847466469	3.69450855255
1.91437423229	3.67336893082
1.9012389183	3.70494365692
1.83246397972	3.74958133698
1.80908286572	3.76345443726
1.80747318268	3.73069930077
1.73875367641	3.68861174583
1.67773377895	3.67181539536
1.69687712193	3.66613435745
1.68873488903	3.66270446777
1.56151461601	3.62586450577
1.5207041502	3.59552812576
1.57222878933	3.55709314346
1.62756383419	3.53154230118
1.68404018879	3.53102731705
1.79737913609	3.48459815979
1.732681036	3.48255300522
1.65576159954	3.42393875122
1.68674433231	3.41987133026
1.55561864376	3.36525702477
1.37014615536	3.32644677162
1.34794139862	3.30211305618
1.45231699944	3.27115082741
1.60700833797	3.20555233955
1.65461885929	3.20117712021
1.62741935253	3.18299508095
1.64175105095	3.20218062401
1.63552689552	3.13513898849
1.59715247154	3.14846086502
1.62925028801	3.10285592079
1.64799976349	3.06579852104
1.70447611809	3.02398633957
1.61936247349	3.0002822876
1.5456199646	2.94497466087
1.51494812965	2.90267944336
1.50557434559	2.83838939667
1.58810174465	2.79625082016
1.57508981228	2.74272584915
1.54967343807	2.70785784721
1.55971050262	2.64672064781
1.65567290783	2.64635109901
1.65682244301	2.58012652397
1.53331565857	2.54592299461
1.37758660316	2.49269485474
1.33978104591	2.4517223835
1.31182181835	2.36803555489
1.28505825996	2.30893349648
1.33069694042	2.27033996582
1.32777607441	2.21619105339
1.30892217159	2.1292886734
1.37231957912	2.11541557312
1.38639366627	2.05152320862
1.35921263695	2.02881360054
1.34469461441	1.96837747097
1.33877873421	1.97330415249
1.25579452515	1.97722160816
1.14881634712	1.94777655602
1.14936876297	1.89442455769
1.14745473862	1.8841958046
1.20194458961	1.85445940495
1.2041875124	1.83196640015
1.14615309238	1.78146600723
1.17281627655	1.75245344639
1.19793367386	1.73085045815
1.19149303436	1.72889697552
1.20746088028	1.7140378952
1.24298608303	1.71132838726
1.18029403687	1.70260167122
1.22397363186	1.68331456184
1.23808324337	1.64675116539
1.14876866341	1.62609088421
1.13846254349	1.59191524982
1.26963305473	1.58286523819
1.29780888557	1.5615131855
1.2789939642	1.52169287205
1.26363790035	1.47485339642
1.26304256916	1.47279906273
1.25894606113	1.46053922176
1.25446140766	1.42900443077
1.20964968204	1.39006745815
1.1370651722	1.37133896351
1.21469724178	1.3803409338
1.26891541481	1.38052427769
1.35607886314	1.3438719511
1.44210350513	1.32522261143
1.43149197102	1.29705297947
1.43926882744	1.29081654549
1.44591903687	1.27972793579
1.39724159241	1.29108285904
1.41350376606	1.30624067783
1.42355000973	1.2861007452
1.39246511459	1.2890086174
1.29303812981	1.27960717678
1.39529335499	1.25448453426
1.48213422298	1.25819826126
1.52788901329	1.21518135071
1.58607423306	1.21292185783
1.5794621706	1.22436404228
1.56907761097	1.23143613338
1.5445369482	1.23349630833
1.51834118366	1.22290539742
1.48805129528	1.22049915791
1.43744337559	1.20602202415
1.38863456249	1.22255659103
1.35387802124	1.23207056522
1.34464991093	1.22746729851
1.34824883938	1.22772789001
1.3325650692	1.21150517464
1.36443352699	1.16596674919
1.41353654861	1.15363097191
1.42981886864	1.15815269947
1.45566093922	1.14124441147
1.41455149651	1.12115192413
1.30777978897	1.14803254604
1.22655546665	1.15171003342
1.1270724535	1.16229319572
1.09897005558	1.1880569458
1.21524441242	1.13891923428
1.33218038082	1.13148343563
1.42691648006	1.11996424198
1.43310129642	1.10752534866
1.4233212471	1.10239553452
1.49504125118	1.11918210983
1.54559671879	1.09361839294
1.50625944138	1.07304656506
1.51480674744	1.0953412056
1.55309009552	1.09338998795
1.56029760838	1.10680317879
1.56682491302	1.13540518284
1.55018246174	1.14057946205
1.58212828636	1.1491767168
1.52927708626	1.15926492214
1.5289939642	1.19005632401
1.50267291069	1.19254374504
1.50830960274	1.20518875122
1.55976438522	1.23165798187
1.54113852978	1.21230471134
1.46210360527	1.2468585968
1.35540640354	1.28003692627
1.3282841444	1.33804905415
1.51240599155	1.40049278736
1.52680444717	1.42589604855
1.43543183804	1.41521382332
1.34486782551	1.46492302418
1.34532666206	1.50295388699
1.34939360619	1.49589025974
1.27059710026	1.49898016453
1.25926804543	1.52951014042
1.26907145977	1.5400621891
1.26040410995	1.55274713039
1.23401761055	1.56872057915
1.21688842773	1.58975505829
1.29148113728	1.5964679718
1.4781948328	1.66708791256
1.47360908985	1.66408658028
1.42888855934	1.67206382751
1.41234135628	1.71006715298
1.39467859268	1.70709478855
1.40070235729	1.70101034641
1.34925341606	1.68615663052
1.3841136694	1.66829907894
1.434907794	1.694465518
1.43485379219	1.70686352253
1.43472266197	1.71113491058
1.44918239117	1.70217525959
1.44678330421	1.72552585602
1.46113288403	1.73905014992
1.48634302616	1.73591971397
1.42732059956	1.74541664124
1.32968139648	1.7657443285
1.35644721985	1.7463105917
1.44639098644	1.75224852562
1.43343985081	1.71912968159
1.30619823933	1.66936290264
1.33015871048	1.67562842369
1.34876048565	1.73178970814
1.35439884663	1.73478925228
1.37909674644	1.74257338047
1.4707069397	1.75115978718
1.51121807098	1.78820836544
1.32598733902	1.79021751881
1.23897612095	1.80511116982
1.26527035236	1.80073845387
1.40489411354	1.79486823082
1.39047026634	1.77784252167
1.37634825706	1.80178272724
1.36031925678	1.7830837965
1.39372348785	1.77354574203
1.3930670023	1.76122891903
1.46801900864	1.77379179001
1.41319668293	1.76959455013
1.3058681488	1.81809210777
1.23194360733	1.83935511112
1.22173988819	1.84934723377
1.26668965816	1.81913530827
1.32887327671	1.81059503555
1.33512508869	1.80438315868
1.30618107319	1.83872115612
1.2169418335	1.83547687531
1.22401702404	1.83502185345
1.2072981596	1.8415709734
1.21626567841	1.84406244755
1.25650262833	1.89986467361
1.1422110796	1.9228208065
1.12930071354	1.93763577938
1.26664876938	1.96229016781
1.31813776493	1.97930979729
1.26079964638	2.00929570198
1.25952398777	1.97582006454
1.22422838211	1.980915308
1.21969461441	1.99894058704
1.34479105473	1.99689471722
1.38295650482	1.99817192554
1.37650454044	2.02215433121
1.29314470291	2.06230688095
1.21763849258	2.06364750862
1.27779483795	2.08151459694
1.28552913666	2.08195853233
1.32174563408	2.08858108521
1.32592606544	2.07317781448
1.36868309975	2.07175779343
1.37901711464	2.05669212341
1.3102388382	2.04685616493
1.28316247463	2.0398068428
1.29913842678	2.03448581696
1.17727017403	2.02657771111
1.13429999352	2.04742622375
1.18077516556	2.01882958412
1.24388074875	2.09373760223
1.25649571419	2.06718444824
1.32158839703	2.09757757187
1.25708246231	2.07877373695
1.28944277763	2.0947637558
1.2488026619	2.09377884865
1.32428073883	2.10081171989
1.41186130047	2.09448504448
1.34654664993	2.09201788902
1.33958613873	2.07813644409
1.46486365795	2.07262539864
1.4734249115	2.07948708534
1.47270774841	2.08232617378
1.44340825081	2.06406593323
1.54542696476	2.03356099129
1.61058664322	2.01089859009
1.58880496025	2.0460152626
1.56564867496	2.04105901718
1.58061361313	2.05076599121
1.60910141468	2.08231139183
1.6364814043	2.08235263824
1.62321507931	2.10297083855
1.58039534092	2.0936961174
1.52430653572	2.10304141045
1.46484851837	2.11980462074
1.48108172417	2.10525155067
1.41588032246	2.07616424561
1.32495939732	2.05522179604
1.36043584347	2.05886697769
1.3618748188	2.0504424572
1.31704092026	2.06174325943
1.26294958591	2.03589916229
1.25292098522	2.05434656143
1.2400496006	2.05692052841
1.13113975525	2.08267354965
1.06945478916	2.10494923592
1.0771086216	2.10254240036
1.11324346066	2.07731604576
1.12713766098	2.08464288712
1.08396697044	2.06742095947
1.03349232674	2.07359814644
1.05275154114	2.0456867218
1.08298635483	2.05015826225
1.08469760418	1.99975323677
1.07785630226	1.96347856522
1.16524612904	1.91937792301
1.15487527847	1.92838776112
1.17345678806	1.90258586407
1.16194856167	1.89013528824
1.16145610809	1.85436952114
1.0353397131	1.83866357803
1.02203392982	1.80351066589
1.14596605301	1.78680253029
1.22561597824	1.75415694714
1.25666630268	1.72446513176
1.25774848461	1.68231797218
1.26138699055	1.63698923588
1.22635555267	1.61708748341
1.19807183743	1.58239650726
1.17508137226	1.55592107773
1.1270056963	1.50707900524
1.15250873566	1.47961640358
1.1636081934	1.44141829014
1.2407989502	1.40870058537
1.27783346176	1.38762366772
1.19673168659	1.39165556431
1.22383415699	1.4004907608
1.19451987743	1.37807106972
1.19146561623	1.32795488834
1.20343184471	1.31356036663
1.20075047016	1.29504179955
1.19722771645	1.30431127548
1.04659795761	1.25877130032
0.966280698776	1.22097682953
0.936137080193	1.20048618317
0.976529061794	1.18923330307
1.01637136936	1.19457733631
1.03266179562	1.16707634926
1.07539343834	1.13679790497
1.07334208488	1.10323631763
1.10009229183	1.08547961712
1.07719504833	1.06643140316
1.07928168774	1.06594586372
1.06790292263	1.05150580406
1.05602586269	1.06463205814
1.10509085655	1.03008615971
1.12654232979	0.995621681213
1.14545929432	0.986978948116
1.16304385662	0.993515372276
1.20273923874	1.01516079903
1.22913467884	1.02491414547
1.25609731674	1.02162790298
1.22291338444	1.04441916943
1.23024630547	1.06579422951
1.24566829205	1.06787145138
1.27918195724	1.04556763172
1.27772295475	1.02840900421
1.30473673344	1.01595854759
1.29452097416	1.02282965183
1.40171456337	1.03960704803
1.38906955719	1.04681408405
1.36730957031	1.06826758385
1.31177783012	1.06496167183
1.24034559727	1.0907138586
1.28074026108	1.0899964571
1.33126080036	1.11720895767
1.35885870457	1.14006149769
1.38417875767	1.14962422848
1.35508143902	1.14150977135
1.3307659626	1.13370096684
1.43319404125	1.12039840221
1.43113589287	1.12302625179
1.47736155987	1.10929358006
1.49821186066	1.10937273502
1.54578077793	1.11080610752
1.47095763683	1.13288545609
1.44274902344	1.12940526009
1.44844853878	1.1659809351
1.42963862419	1.17078900337
1.39418637753	1.17508363724
1.38696980476	1.18603098392
1.44427812099	1.20767223835
1.52312350273	1.22043907642
1.55819547176	1.21694004536
1.49725854397	1.22220158577
1.45273828506	1.21201717854
1.39488744736	1.19227254391
1.38010907173	1.22092187405
1.38620793819	1.27000439167
1.3838506937	1.25734591484
1.2789427042	1.29669857025
1.34325993061	1.32774341106
1.32232415676	1.34239315987
1.30717658997	1.32493746281
1.27350115776	1.34954249859
1.2665719986	1.35578989983
1.27268910408	1.37716436386
1.26141691208	1.37415122986
1.31420004368	1.36335098743
1.29347932339	1.35541200638
1.31030154228	1.37729167938
1.27567958832	1.3660941124
1.30295705795	1.37212121487
1.31113755703	1.38761746883
1.31837952137	1.38479399681
1.27956557274	1.37953519821
1.29069292545	1.40630888939
1.29390513897	1.3954167366
1.37321543694	1.40602147579
1.422072649	1.39487755299
1.4152109623	1.36779153347
1.37013864517	1.31141936779
1.51889741421	1.30954098701
1.58552110195	1.31171429157
1.55685400963	1.29907143116
1.55936479568	1.29677188396
1.57116115093	1.28123700619
1.59066843987	1.26454854012
1.63007974625	1.50250422955
1.57554101944	1.61698055267
1.55560600758	1.65587639809
1.57508563995	1.75063037872
1.52185106277	1.75370621681
1.57235109806	1.83178830147
1.59329652786	1.92072534561
1.57294654846	2.0197122097
1.55580294132	1.99529123306
1.59341919422	1.94704902172
1.62830960751	1.93803548813
1.59835064411	1.97464954853
1.62356746197	2.08050441742
1.59909164906	2.20449757576
1.42781126499	2.23638677597
1.40453469753	2.37819504738
1.48571765423	2.41322851181
1.51041162014	2.50681972504
1.57713365555	2.593303442
1.5453659296	2.69481515884
1.48534595966	2.55826759338
1.52404069901	2.55940151215
1.5502409935	2.56248092651
1.48888528347	2.53754615784
1.47402334213	2.59069848061
1.46202039719	2.6136200428
1.60231649876	2.57085490227
1.71358788013	2.60109567642
1.75482106209	2.67418265343
1.71495449543	2.81323814392
1.58196544647	2.86190199852
1.61187934875	2.92722415924
1.56258022785	2.89965820312
1.57745277882	2.9162812233
1.62259829044	2.95899558067
1.60679233074	2.92882108688
1.56072175503	2.97589302063
1.64639604092	2.98038673401
1.80943071842	3.01537108421
1.81908547878	3.00714087486
1.79988408089	2.98956227303
1.81580030918	2.98540616035
1.77894794941	3.01121401787
1.81080102921	3.01954865456
1.78701400757	3.03091073036
1.71750926971	2.8919608593
1.54488301277	2.81978392601
1.50573408604	2.70611453056
1.57887101173	2.64008140564
1.58189272881	2.51809000969
1.62273037434	2.44103431702
1.56565701962	2.36529922485
1.59085464478	2.29298949242
1.60178565979	2.16869163513
1.57824552059	2.08383846283
1.57608771324	2.01813483238
1.57309556007	2.00484371185
1.49624037743	2.00423979759
1.36716902256	2.02376031876
1.38323235512	2.05554795265
1.36321651936	2.04124879837
1.36134529114	2.0204474926
1.38962423801	1.99361658096
1.4190517664	1.97783076763
1.42668879032	1.952688694
1.48754346371	2.08478951454
1.51417911053	2.23501968384
1.44203710556	2.30178046227
1.35155582428	2.37050676346
1.40047168732	2.4557595253
1.52746915817	2.55360531807
1.49053776264	2.62462496758
1.47095167637	2.69314146042
1.41257584095	2.77603888512
1.41335368156	2.8571767807
1.40887486935	2.88538742065
1.43725323677	2.88173508644
1.42153477669	2.8442697525
1.31528449059	2.79989814758
1.27084302902	2.73112082481
1.25820815563	2.7724981308
1.27160251141	2.74937105179
1.30980861187	2.75908851624
1.35279726982	2.75392770767
1.34356212616	2.78373456001
1.30715274811	2.74339747429
1.32067811489	2.71115159988
1.35768783092	2.72011160851
1.40759670734	2.75006532669
1.34249401093	2.72762537003
1.21653497219	2.68466734886
1.30701756477	2.64430069923
1.3145673275	2.64736843109
1.32563102245	2.61140656471
1.37810790539	2.57462930679
1.38617801666	2.58290266991
1.34656667709	2.56621980667
1.35177779198	2.49574589729
1.35320484638	2.42534971237
1.3456915617	2.37323784828
1.36218702793	2.26769471169
1.36866092682	2.20830559731
1.32302772999	2.14342403412
1.20805263519	2.0723028183
1.18230307102	1.97620725632
1.15586614609	1.88536155224
1.11644530296	1.79740715027
1.06667292118	1.70133566856
1.00623142719	1.59256589413
1.04189300537	1.53634989262
1.0163257122	1.47786843777
0.944138467312	1.42635345459
0.957217395306	1.33748996258
0.987564384937	1.29519701004
0.911325514317	1.24791681767
0.913924396038	1.16510081291
0.90010035038	1.12954688072
0.865532517433	1.13577604294
0.838688611984	1.13215684891
0.853971242905	1.13317525387
0.87852948904	1.12102365494
0.806537866592	1.10789787769
0.949865818024	1.09120690823
1.05651843548	1.11936306953
1.10666406155	1.11820828915
1.10072124004	1.12373948097
1.13520991802	1.11499249935
1.13865828514	1.12907397747
1.1152203083	1.13506758213
1.14997792244	1.15921878815
1.15457248688	1.1898624897
1.2003608942	1.20944154263
1.2086815834	1.19875061512
1.29805624485	1.20219624043
1.32838714123	1.19725573063
1.32029438019	1.21683502197
1.32001209259	1.22823500633
1.33166158199	1.22659111023
1.40445876122	1.21782517433
1.41516685486	1.23364663124
1.38375473022	1.25388336182
1.40019881725	1.3006374836
1.26909041405	1.32145035267
1.19866430759	1.28828036785
1.21087217331	1.29705274105
1.2126455307	1.31209003925
1.17747867107	1.33926558495
1.21706140041	1.34020507336
1.22190201283	1.34898221493
1.15225791931	1.35779201984
1.12769806385	1.32593071461
1.06253552437	1.31025350094
1.06343007088	1.32905805111
1.03594005108	1.31284964085
1.03032934666	1.33915519714
1.02771699429	1.30782437325
1.13625812531	1.26789426804
1.14611303806	1.28308868408
1.07035088539	1.27710998058
1.06804156303	1.25870120525
1.08848214149	1.25821602345
1.05901634693	1.23044550419
1.03823840618	1.20378232002
1.04896020889	1.21573793888
1.01449370384	1.21374797821
0.995980679989	1.22077262402
1.11557555199	1.18223917484
1.24181008339	1.18878042698
1.26650989056	1.17810308933
1.25181567669	1.12565815449
1.2669069767	1.1385102272
1.28435826302	1.14926791191
1.24207472801	1.14836645126
1.16194140911	1.15890288353
1.21872985363	1.12689495087
1.25203025341	1.15063345432
1.15699267387	1.14716243744
1.20127880573	1.11846458912
1.28996562958	1.126734972
1.26584589481	1.12914574146
1.22934138775	1.13521158695
1.26419353485	1.14475178719
1.2612247467	1.14699220657
1.28340291977	1.12087774277
1.33237397671	1.11159014702
1.39046776295	1.09371542931
1.37557196617	1.10260140896
1.25723171234	1.08813107014
1.26040422916	1.08095991611
1.29309403896	1.10319149494
1.33198618889	1.09128093719
1.3187571764	1.06951510906
1.33117067814	1.10240709782
1.30503594875	1.08600437641
1.22672736645	1.10301470757
1.18971037865	1.09584438801
1.1762560606	1.10187149048
1.14503777027	1.13056957722
1.09818696976	1.10710954666
1.11817800999	1.09283900261
1.13648808002	1.05914771557
1.10256302357	1.01990056038
1.2323539257	1.06119298935
1.30022978783	1.11983764172
1.22985458374	1.11969614029
1.19808197021	1.15189945698
1.16762363911	1.13791358471
1.15735828876	1.14530098438
1.15088844299	1.14269328117
1.14000737667	1.17157173157
1.10883378983	1.16920220852
1.11452496052	1.16853404045
1.19538164139	1.15649807453
1.33168232441	1.20086228848
1.45651996136	1.19884824753
1.47176027298	1.23259854317
1.48664259911	1.26797223091
1.47253894806	1.29466164112
1.48013746738	1.31675481796
1.50326871872	1.3738386631
1.51312756538	1.4028583765
1.53064703941	1.47527587414
1.40025210381	1.4283901453
1.29023182392	1.43179059029
1.29172360897	1.43309986591
1.39277946949	1.44178593159
1.34210550785	1.47150409222
1.31081700325	1.52047121525
1.31234908104	1.52225446701
1.33092093468	1.52986073494
1.33982217312	1.53083562851
1.31813025475	1.57622718811
1.26850998402	1.54549396038
1.17262887955	1.59453129768
1.06810534	1.57613861561
1.08167314529	1.59280979633
1.11462605	1.55830335617
1.11661434174	1.55455303192
1.14241397381	1.54821133614
1.16602551937	1.52915763855
1.14402937889	1.54453504086
1.14650046825	1.51390326023
1.15388035774	1.51723182201
1.18244564533	1.51646244526
1.19756960869	1.52765345573
1.07980763912	1.55695283413
1.09457480907	1.56476569176
1.10729265213	1.55128347874
1.15049505234	1.55630755424
1.11168980598	1.54692292213
1.12799727917	1.55701565742
1.16147387028	1.5682104826
1.15297794342	1.61454880238
1.15191721916	1.57472503185
1.14120852947	1.61319947243
1.07820212841	1.61644470692
1.02080881596	1.61676394939
1.08369624615	1.6486376524
1.08862030506	1.67635500431
1.09249389172	1.70844399929
1.09894096851	1.70641076565
1.07596409321	1.75775635242
1.0659455061	1.81135571003
1.04259824753	1.80352199078
1.07959377766	1.83789980412
1.11462664604	1.8135843277
1.09603881836	1.83383595943
1.14206135273	1.81775891781
1.12817561626	1.87726438046
1.13336038589	1.94053483009
1.14516818523	1.9906951189
1.17759358883	2.01958537102
1.18585920334	1.98821604252
1.24527728558	1.95527899265
1.30517137051	1.97613120079
1.35200786591	1.9649387598
1.45347070694	1.98791158199
1.387586236	1.95787918568
1.31076192856	1.99209535122
1.28010320663	1.97647690773
1.30169916153	1.99293625355
1.32760596275	1.95311403275
1.3853815794	1.9540207386
1.35687077045	1.94447886944
1.29956889153	1.95203471184
1.39138424397	1.94854843616
1.43073189259	1.97176396847
1.40507364273	1.98043179512
1.38193142414	1.99334776402
1.41647768021	1.94702851772
1.35620212555	1.92382574081
1.35553348064	1.8836234808
1.36050200462	1.9837474823
1.30444359779	2.05244016647
1.34794735909	2.06338262558
1.37322163582	2.11594438553
1.29244053364	2.22257494926
1.58229887486	2.31157779694
2.58620476723	2.35235095024
3.1661901474	2.41086483002
3.78915953636	2.64351725578
5.53142404556	2.93968772888
6.43987607956	3.34295606613
7.6356010437	3.49270272255
10.1253652573	3.85537695885
12.4889287949	4.17951583862
13.2949132919	6.32675552368
14.1347484589	8.76401329041
15.9590549469	8.80012702942
16.9096794128	9.18880176544
17.2377300262	9.30412769318
19.3860187531	9.79587459564
22.9607830048	9.91703033447
31.9061889648	10.2476873398
34.6784362793	10.6063594818
37.7637252808	11.6552267075
41.2144012451	12.3304977417
46.4462203979	12.865893364
51.5934791565	13.4746837616
52.5962142944	13.6780109406
54.9127388	14.4777040482
54.9655036926	14.9289474487
55.0656471252	15.3143081665
55.8867263794	15.5205411911
55.4606971741	15.7627954483
53.8866767883	16.2775764465
54.1875076294	14.5137767792
59.1047554016	13.1498098373
62.2467346191	13.5236663818
65.4909210205	13.8519134521
68.6281967163	14.9544706345
67.3990859985	16.2497310638
66.1382980347	17.0782775879
61.8148117065	17.4902706146
65.2174301147	17.7291965485
67.1289367676	17.7309894562
65.2130737305	17.4490242004
60.8497924805	17.3634166718
55.369846344	17.162946701
56.6440353394	17.8499298096
59.6455879211	17.5821762085
58.6270866394	17.5473270416
58.042175293	17.8725757599
57.6107368469	17.9405765533
62.9758911133	17.6799354553
65.9906692505	18.057062149
72.2309570312	19.1816082001
70.7598876953	19.0323371887
66.5477905273	19.7049789429
64.6420288086	20.629076004
65.8016433716	21.6960372925
68.2761535645	20.5251674652
69.3314819336	20.3026809692
72.1885147095	20.2526741028
66.9200134277	20.3662548065
63.1314239502	19.9531154633
65.5092697144	20.4983654022
64.880531311	22.8806934357
65.4457397461	22.857881546
70.0917739868	22.5421657562
70.9296035767	22.6481952667
71.3530273438	22.6418628693
72.0939254761	22.0030021667
71.1759414673	23.1710338593
65.5390396118	24.0471363068
68.7503509521	24.3929748535
65.5582427979	24.1407852173
63.0765304565	24.5370674133
63.1132583618	24.2467632294
62.356754303	23.2462997437
59.368106842	22.3953552246
57.783493042	23.1419658661
57.8430633545	24.5117015839
53.1936302185	24.8533916473
55.6132240295	24.6748771667
60.9931411743	24.3765907288
57.5854225159	23.4647254944
57.6275138855	21.384223938
62.0684661865	22.5745429993
58.0466194153	22.4648475647
55.0465431213	22.1182632446
57.791267395	21.459815979
57.2794761658	21.3190803528
56.970035553	19.7692508698
55.6535568237	18.8485527039
55.3022003174	18.2382297516
52.4123001099	17.9869613647
51.9707298279	17.3492050171
52.0068321228	17.030008316
50.7601127625	16.8256874084
50.4307746887	15.7244348526
50.637462616	14.6107902527
47.7806243896	13.0162801743
46.43592453	12.6182098389
45.6684989929	12.6890583038
39.8990287781	12.3435306549
40.5774345398	12.5221033096
40.7937660217	11.6910762787
35.7992591858	10.1684932709
33.6423034668	10.1088066101
31.069278717	10.0143947601
27.8615627289	10.1714601517
27.9524993896	10.1244058609
27.8209667206	10.2983865738
27.583864212	10.3806266785
22.4451808929	10.6714544296
21.7364253998	9.89233207703
20.7194309235	9.3777513504
20.0012607574	8.99409294128
19.803609848	8.57178211212
18.6344833374	8.31020259857
16.678609848	8.06354045868
16.1115875244	7.56605768204
14.6142625809	6.88670778275
12.2812871933	7.07908535004
11.421002388	7.12840747833
10.4177389145	6.91389942169
9.64931583405	6.89642429352
9.0486497879	6.87387275696
7.76351261139	6.46465396881
6.57038831711	6.14449501038
5.95533514023	6.06077194214
5.38306760788	5.77981710434
5.17484331131	5.64092540741
4.95584964752	5.40795564651
3.37895226479	4.17475795746
2.90866661072	4.03193569183
2.62299084663	4.00025081635
2.62040138245	4.02302789688
2.63419175148	4.12804937363
2.51406621933	4.21516370773
2.5029001236	4.2172036171
2.57806587219	4.29963970184
3.19820785522	4.60812234879
4.19247198105	3.86815953255
4.92575216293	3.91492557526
4.81437349319	4.04913949966
5.13086986542	4.08258008957
6.3483171463	4.10484838486
8.69871711731	4.25562572479
9.73292827606	4.60492658615
10.3433599472	4.72527265549
13.6885662079	5.34017515182
19.8418598175	6.30237054825
21.1498126984	6.50921106339
22.0260639191	6.87809038162
22.9869232178	7.14194488525
26.1233234406	7.19347906113
29.5651531219	7.46304035187
33.006023407	7.74975347519
40.0319023132	8.22428607941
43.653137207	8.45559120178
47.9764518738	9.49738883972
50.5778388977	11.6867780685
50.7205619812	13.0225038528
56.429069519	13.5751676559
62.8050079346	14.0439004898
70.9168014526	14.6764144897
71.939781189	15.0329189301
71.6139907837	15.4774084091
73.5755462646	15.6260900497
75.0366287231	16.9492225647
74.0929718018	17.1520709991
69.6658096313	19.1853752136
75.176940918	19.775478363
75.9113540649	19.7245502472
77.3235473633	19.5241546631
75.6603393555	20.1081447601
73.5265655518	20.3986816406
72.4544296265	21.1451435089
65.8380966187	22.3361301422

0.766617894173	0.706360220909
0.719380736351	0.695244848728
0.654444932938	6.94058561325
0.623286485672	6.95434999466
0.621891021729	6.96918010712
0.626425027847	6.97966432571
0.596083700657	6.97743415833
0.578022360802	6.9830365181
0.577147364616	6.98870706558
0.589706122875	6.98381853104
0.585883080959	6.96340942383
0.532194495201	6.96292591095
0.561222314835	6.94459724426
0.579337954521	6.9615855217
0.596142590046	6.99112510681
0.600282490253	6.99202489853
0.603013515472	6.99247980118
0.595086574554	6.97566080093
0.611979484558	7.00106430054
0.604941964149	6.99873447418
0.607592701912	7.0100851059
0.609375834465	6.99836444855
0.618860304356	0.747259914875
0.608291924	0.743804991245
0.60552161932	0.734534621239
0.645489275455	0.733398079872
0.690207660198	0.749900758266
0.707935571671	0.743169367313
0.729688107967	0.764152467251
0.772613763809	0.770476996899
0.785851240158	0.776801466942
0.787010669708	0.778767287731
0.793007910252	0.787513613701
0.767291545868	0.763004779816
0.749008357525	0.744513988495
0.760076344013	0.740763187408
0.762813448906	0.737386822701
0.765065789223	0.751203715801
0.760941028595	0.733903765678
0.765675783157	0.730788052082
0.761509299278	0.713598191738
0.757937133312	0.726166665554
0.751349508762	0.722863376141
0.750448107719	0.716439843178
0.738888382912	0.722934186459
0.688185632229	0.714134395123
0.647595643997	0.705161631107
0.628800630569	0.695661962032
0.608846306801	0.662663340569
0.534636318684	0.655337572098
0.519685447216	0.651746749878
0.507553875446	0.661046087742
0.477349996567	0.653492212296
0.447855561972	0.649901032448
0.416218221188	0.645724654198
0.410354793072	0.634689509869
0.415266007185	0.635941267014
0.464932262897	0.623650789261
0.47299066186	0.628196179867
0.471862465143	0.638688445091
0.476622670889	0.644063055515
0.479293435812	0.643743515015
0.482719749212	0.660754621029
0.477588504553	0.66850990057
0.474772661924	0.661649763584
0.469835728407	0.670259535313
0.466819912195	0.658708035946
0.462706178427	0.674396276474
0.457806050777	0.691053390503
0.46270686388	0.687144339085
0.464373230934	0.699006259441
0.482723027468	0.685717225075
0.49299493432	0.685579419136
0.498549431562	0.683728277683
0.515648603439	0.686997234821
0.521226108074	0.703534007072
0.515687346458	0.70264261961
0.458293408155	0.695092499256
0.44167971611	0.666983783245
0.440412372351	0.658176898956
0.445406645536	0.662579774857
0.450372129679	0.641986787319
0.455941945314	0.627244770527
0.473194956779	0.62278854847
0.486174166203	0.627009391785
0.492539793253	0.622622966766
0.515529215336	0.634724378586
0.554871022701	0.637473940849
0.545473814011	0.630191981792
0.55589401722	0.640813946724
0.620871067047	0.630754768848
0.60962998867	0.632654547691
0.597420394421	0.638711690903
0.591217875481	0.649873077869
0.582066476345	0.64054018259
0.578710377216	0.633451044559
0.62416011095	0.634482324123
0.645192563534	0.638109743595
0.647861778736	0.658651530743
0.6526440382	0.657489776611
0.645701467991	0.657078206539
0.642448306084	0.672994613647
0.637899577618	0.680524408817
0.634331703186	0.68867534399
0.62709414959	0.695042669773
0.625665485859	0.69460350275
0.663560569286	0.691726505756
0.698551535606	0.678252398968
0.82458537817	0.677088201046
0.820430099964	0.677409946918
0.748752474785	0.681689023972
0.748647868633	0.689429044724
0.748783528805	0.673850595951
0.799248635769	0.657355129719
0.833870887756	0.653217256069
0.853930592537	0.651751220226
0.800671637058	0.656278610229
0.79651427269	0.677707850933
0.788213908672	0.679615676403
0.776213109493	0.679397583008
0.769089698792	0.673826932907
0.794750154018	0.672903180122
0.791236639023	0.659373760223
0.787085771561	0.653846204281
0.818112194538	0.648125052452
0.866712510586	0.641915142536
0.870643317699	0.639812350273
0.804042696953	0.639729857445
0.682128190994	0.644331037998
0.677723050117	0.642449021339
0.672389626503	0.638475954533
0.660847187042	0.643739938736
0.665797591209	0.660774290562
0.622087478638	0.659882307053
0.575600028038	0.671870052814
0.552174210548	0.672572135925
0.583242237568	0.665145456791
0.668598413467	0.636253774166
0.682980775833	0.631298601627
0.772047936916	0.630992233753
0.791856944561	0.647655069828
0.756350517273	0.644994080067
0.755800485611	0.645400345325
0.755003094673	0.651051342487
0.722824513912	0.643647670746
0.702165365219	0.641091227531
0.640410363674	0.638113617897
0.631708502769	0.646016180515
0.637399554253	0.634926319122
0.67460078001	0.642156660557
0.742964088917	0.641465604305
0.793809294701	0.633881211281
0.797824800014	0.61610019207
0.795307636261	0.631522595882
0.799012362957	0.6237616539
0.800851404667	0.634715378284
0.766859412193	0.63130491972
0.670127093792	0.63531935215
0.671928226948	0.653800427914
0.68267583847	0.651967823505
0.728110492229	0.638188838959
0.765221178532	0.6374527812
0.770529508591	0.646775245667
0.767166614532	0.637548983097
0.763448953629	0.640704929829
0.729512810707	0.650664746761
0.724778056145	0.655193984509
0.745637834072	0.650890231133
0.747004449368	0.66758865118
0.750936746597	0.655263781548
0.68387401104	0.654873430729
0.636335730553	0.638965547085
0.627279818058	0.649879515171
0.632196128368	0.639925301075
0.625569701195	0.636336863041
0.622715771198	0.636891305447
0.626557409763	0.636205852032
0.653616070747	0.638089776039
0.665710628033	0.616336345673
0.630231022835	0.636916160583
0.580330312252	0.640898704529
0.543832719326	0.648433148861
0.531665682793	0.654465019703
0.579231858253	0.659008264542
0.640089213848	0.661016702652
0.733732819557	0.66044229269
0.755137383938	0.656940758228
0.797055244446	0.662657558918
0.794632434845	0.651757657528
0.757213056087	0.663447439671
0.759048402309	0.686145544052
0.795932948589	0.696091413498
0.810804963112	0.700804948807
0.803844571114	0.701004326344
0.799943625927	0.707614600658
0.828922092915	0.70317709446
0.887224674225	0.722843468189
0.909434318542	0.733232140541
0.912711143494	0.743799626827
0.855595111847	0.733343720436
0.837310671806	0.722443163395
0.838284313679	0.71800082922
0.842697501183	0.718970656395
0.799782395363	0.729974448681
0.740703642368	0.724810361862
0.651577055454	0.716688513756
0.631823480129	0.716540694237
0.587535262108	0.713464200497
0.59435325861	0.721996486187
0.587632775307	0.735894918442
0.597230255604	0.729640185833
0.625051736832	0.732976973057
0.691944301128	0.737571060658
0.711832523346	0.752396285534
0.728516101837	0.750887930393
0.705670893192	0.750045776367
0.64536011219	0.731370866299
0.591063916683	0.737377643585
0.568871319294	0.74336463213
0.566481173038	0.732464969158
0.563414692879	0.735070049763
0.569116234779	0.748474061489
0.623478472233	0.746510446072
0.639551341534	0.721268892288
0.67410415411	0.723804712296
0.697304069996	0.722039699554
0.69659692049	0.727139890194
0.683373332024	0.734400510788
0.672203838825	0.720865786076
0.681007385254	0.702409029007
0.677620470524	0.685731232166
0.652819514275	0.67534840107
0.624224722385	0.665312111378
0.607509732246	0.658751606941
0.670189797878	0.659868657589
0.680088996887	0.654800117016
0.693001866341	0.668474912643
0.703889191151	0.6641471982
0.733323156834	0.667743504047
0.752772986889	0.667182683945
0.779952228069	0.666458785534
0.83461368084	0.647637665272
0.782629787922	0.632715523243
0.814294993877	0.661565184593
0.818691968918	0.665884017944
0.85129404068	0.674336135387
0.848699212074	0.675827622414
0.859640181065	0.666812300682
0.878039717674	0.668509781361
0.877399623394	0.669363558292
0.881400883198	0.673970937729
0.901804864407	0.678673446178
0.904707074165	0.684242248535
0.95859849453	0.689808309078
0.943294942379	0.699141025543
1.05631399155	0.713321268559
1.11414062977	0.715814292431
1.11723577976	0.710779428482
1.08971703053	0.699369728565
1.17584121227	0.713319897652
1.26371014118	0.723041236401
1.24591577053	0.724450111389
1.3119764328	0.741917610168
1.39681386948	0.725976228714
1.37514126301	0.713696300983
1.40731489658	0.72042798996
1.38852751255	0.723996341228
1.64558374882	0.737065434456
1.65355992317	0.750690996647
1.73619163036	0.768529236317
1.81857216358	0.773682713509
1.89090323448	0.801609158516
2.3477742672	0.825274765491
2.47551631927	0.858498692513
2.4309117794	0.85020160675
2.45751738548	0.866918742657
2.77864170074	0.896054923534
2.99179053307	0.992716491222
3.27474570274	1.0184545517
3.29737281799	1.0176936388
3.22148084641	1.0911911726
3.24697184563	1.14320802689
3.34897232056	1.13703727722
3.53526496887	1.16061532497
4.12192296982	1.17088806629
4.20026350021	1.18412148952
4.8777589798	1.27659785748
4.77367830276	1.32838559151
5.02161550522	1.36323833466
5.23050832748	1.34362339973
5.22435903549	1.39597511292
6.00770664215	1.39973711967
5.98524999619	1.44013428688
6.14532566071	1.46512746811
6.6290974617	1.6772660017
6.94564819336	1.72946918011
6.62675237656	1.7561801672
6.61075687408	1.66147327423
6.77735424042	1.69379818439
6.95044231415	1.74534153938
7.30375909805	1.83332705498
7.62880706787	1.92414224148
7.90548467636	1.9993429184
7.88333702087	1.97389137745
8.15576267242	2.0159676075
8.34555339813	2.04464030266
7.76428937912	2.02950310707
7.86033821106	1.99840927124
8.25632572174	2.04091477394
8.91205310822	2.10124063492
8.98137283325	2.06365156174
8.32685661316	2.09734511375
8.24483394623	2.09219241142
8.56070899963	2.06738758087
9.4953994751	1.89025855064
9.7968711853	1.94504380226
10.1513652802	1.90756762028
10.4853219986	1.94165933132
10.4256925583	1.93259429932
11.0452566147	1.90452635288
12.0774383545	1.91225612164
12.5021152496	1.82010900974
12.811917305	1.78953683376
12.7670402527	1.83107602596
12.2711334229	1.83098042011
12.7077693939	1.9039208889
13.4808883667	1.88424360752
13.5517921448	1.90333402157
14.0775909424	1.89149236679
15.327712059	1.90701878071
17.1021518707	1.96038138866
17.3899326324	2.04724907875
17.5032691956	2.02264046669
18.1967697144	2.06312298775
17.2072181702	2.08615970612
17.2349319458	2.00750088692
17.4132900238	2.0709965229
18.0031337738	2.16360831261
18.1191940308	2.14719820023
17.7378635406	2.12824726105
16.6129302979	1.98410105705
16.6856803894	1.95483922958
17.4238090515	1.92073106766
17.6964111328	1.91551864147
17.8783798218	2.03230309486
18.5836925507	1.97010529041
18.441072464	1.94137120247
19.5860900879	1.90166187286
18.6317195892	1.86463105679
16.9906024933	1.81411933899
16.2532749176	1.78291630745
16.4272346497	1.72489202023
16.4636363983	1.71850085258
16.0789604187	1.68558323383
17.8407306671	1.69790589809
17.4588985443	1.70712995529
17.5568733215	1.67553508282
17.2582397461	1.58332562447
17.5364017487	1.54578614235
17.6725978851	1.66714203358
18.9852809906	1.70373749733
19.7409534454	1.70523178577
18.9280357361	1.72522604465
19.2874221802	1.7201987505
19.5875682831	1.62415421009
18.2465057373	1.64304935932
18.5342941284	1.63322234154
17.4240646362	1.6797940731
18.0277271271	1.67793643475
18.6460647583	1.74556863308
19.4298725128	1.77670061588
19.2265205383	1.80086493492
19.1310119629	1.8165718317
18.7321166992	1.80020308495
16.903717041	1.82395255566
16.9384899139	1.7741702795
16.862159729	1.74884009361
16.2459373474	1.7343531847
15.846777916	1.77255499363
15.4918813705	1.70902502537
15.5561180115	1.68463003635
15.1853618622	1.68882393837
15.6437540054	1.66127872467
15.6457805634	1.68366062641
15.1227579117	1.70824754238
15.389875412	1.65126025677
15.4534711838	1.64785003662
17.2890148163	1.66902792454
16.8295688629	1.74400877953
16.2210006714	1.66195750237
14.5251111984	1.64574635029
14.8193693161	1.55998337269
14.9151544571	1.56749618053
16.1016139984	1.55062198639
17.0223655701	1.4760633707
16.8742523193	1.46339547634
16.3252658844	1.44070589542
16.1831417084	1.41412961483
15.9037332535	1.38061010838
15.6799850464	1.42101037502
14.5954561234	1.38923323154
14.3821468353	1.37804567814
14.3833942413	1.38965964317
13.7112836838	1.35876297951
13.5606918335	1.28987777233
13.3743362427	1.28321707249
12.5501041412	1.26083910465
10.3923168182	1.1834936142
10.6286125183	1.07656347752
11.2695970535	1.07821404934
11.6572523117	1.02527534962
10.9338150024	0.99633949995
11.0611076355	0.944765806198
9.97339248657	1.00334632397
9.06197738647	0.984559297562
8.90761375427	0.989780724049
9.13262939453	0.982563138008
9.29372787476	1.0029758215
10.4111671448	1.03107786179
11.6904067993	0.962525427341
11.2963924408	1.00683403015
10.4792470932	1.05834794044
9.50407123566	1.06312501431
9.34663581848	1.0447486639
9.17545700073	1.02437198162
9.08010864258	1.02938783169
9.08512210846	1.0162730217
9.2207365036	1.03400349617
9.02221679688	1.05194330215
8.32297229767	1.03723287582
7.93777799606	1.02916395664
8.06830596924	1.06240427494
7.5198559761	1.08738160133
6.95993518829	1.02020680904
7.18885612488	1.02171015739
8.19436359406	1.01828634739
8.26504993439	1.043582201
8.11100196838	1.08315527439
7.02718639374	1.05730772018
5.77577018738	1.00931537151
6.1218829155	0.948851406574
6.08503723145	0.889569401741
6.2334356308	0.897823631763
6.24111413956	0.920117914677
6.33814144135	0.933737695217
6.24141740799	0.903102338314
6.50325632095	0.925297021866
6.42701435089	0.920607328415
6.17805051804	0.897909283638
5.84910821915	0.900860607624
6.07682609558	0.943378210068
5.90755271912	0.92319303751
5.92414045334	0.893828332424
5.83777427673	0.936061143875
5.26236867905	0.928528010845
4.25471401215	0.924114942551
4.17090845108	0.913839519024
4.35645866394	0.856297016144
4.68311071396	0.861326694489
4.75486087799	0.866001486778
4.27844572067	0.867305457592
4.08010673523	0.85540753603
3.80205631256	0.831910312176
3.7891869545	0.815374016762
3.93878650665	0.809936523438
4.00083112717	0.828880190849
3.54386377335	0.838288962841
3.45741271973	0.826570212841
3.48683357239	0.822366654873
3.50021052361	0.84365272522
3.03911304474	0.795602202415
3.03680443764	0.779811739922
2.94238591194	0.780302226543
2.93681645393	0.733404874802
3.00693655014	0.744848489761
2.94984006882	0.747570872307
2.79051136971	0.727177202702
2.56249165535	0.722757279873
2.12726688385	0.728539586067
2.43628311157	0.735623300076
2.50693488121	0.734347641468
2.62001442909	0.739951491356
2.7344918251	0.740301132202
2.68475174904	0.72935372591
2.53176355362	0.718118786812
2.46903419495	0.738459050655
2.50534963608	0.725115120411
2.53396725655	6.96775913239
2.35568189621	6.98157978058
2.18903803825	6.95552444458
2.54090642929	6.98342370987
2.68177008629	7.01437807083
2.62919020653	7.01909589767
2.72128129005	7.0197057724
2.76446056366	7.01898527145
2.78880763054	13.2635364532
2.75277781487	19.5103530884
2.80401420593	19.5272216797
2.81072616577	19.5219135284
2.35098290443	19.5261764526
2.38435506821	19.5407543182
2.54419589043	19.6536407471
3.32370972633	19.6623363495
4.24733161926	19.68227005
4.6390004158	19.8287620544
5.05387926102	19.9173088074
5.70821666718	20.0523300171
6.96941328049	13.8653354645
7.49717521667	13.9047374725
7.97077703476	13.9744157791
7.64677906036	13.99746418
7.5751953125	14.0152702332
8.73136043549	14.040268898
9.12284660339	14.0436172485
9.08439922333	14.1036500931
9.62787723541	7.91024112701
9.7674703598	1.7199190855
9.8100194931	1.72079718113
9.88022708893	1.7321356535
10.0371236801	1.79082131386
10.5529432297	1.84043836594
10.9224948883	1.82731306553
10.0966300964	1.87257683277
9.90159988403	1.86204063892
10.5888605118	1.74170839787
10.2808465958	1.66512465477
9.60721874237	1.62576234341
8.65324401855	1.68168330193
8.53278160095	1.68213391304
8.86372089386	1.69741857052
8.91547012329	1.68277144432
9.23306179047	1.68167829514
8.37400817871	1.76920282841
8.03494930267	1.89329898357
7.9788942337	1.88613498211
7.49741744995	1.97147417068
7.81677675247	1.96001958847
8.7504234314	1.97169518471
9.25470638275	2.00514984131
9.27140045166	1.97648513317
9.84925365448	1.99604439735
10.1633520126	1.96942162514
10.2099075317	2.12055110931
9.82247066498	2.13411688805
9.7100353241	2.16507411003
11.1276540756	2.20114302635
12.0290803909	2.18253064156
11.7603387833	2.13985681534
11.8525533676	2.27959632874
11.3826704025	2.22854161263
12.3854389191	2.26633405685
12.5073890686	2.25319647789
12.5188541412	2.31313562393
13.1366939545	2.30305099487
13.4925394058	2.63446736336
14.6032571793	2.87931990623
15.2921514511	3.160125494
15.1583442688	3.40278625488
14.8028049469	3.35497689247
14.8348064423	3.35342955589
14.5560369492	3.30826926231
13.9678907394	3.34258890152
14.5068836212	3.57387185097
15.0228099823	3.61255049706
15.9242582321	3.74242305756
15.3999967575	3.79112172127
15.4487886429	3.80978107452
15.6937437057	3.84791707993
15.4996948242	3.87743377686
15.7697944641	4.06145238876
15.1011600494	4.2546544075
15.4170093536	4.45631170273
16.276550293	5.03819894791
16.6188716888	5.01312017441
16.971282959	4.76677370071
17.4732322693	4.43621921539
16.6727752686	4.77092885971
16.7556629181	5.01879692078
16.9323387146	5.28458738327
17.885011673	5.3777551651
20.1015281677	5.68722629547
21.5103607178	5.78905963898
21.1528205872	5.61184072495
20.9489383698	5.9858379364
20.2838535309	5.90917253494
19.973110199	6.35252332687
20.4007472992	6.46635818481
20.3741664886	6.68133401871
20.4496765137	6.56481456757
20.4758300781	6.65728473663
21.3839969635	6.95199728012
21.4976005554	7.02611494064
21.0773181915	7.01913118362
20.0707626343	7.10740804672
19.7885532379	7.33653450012
19.0011062622	7.49181604385
19.0947399139	7.0932393074
18.1835212708	6.86890888214
19.5781021118	6.97511720657
19.384305954	7.12468290329
16.7131443024	7.60839891434
16.8264427185	7.66036462784
17.859752655	7.68932437897
18.3799419403	7.75684547424
17.7028064728	8.37580490112
17.2353229523	8.46081352234
16.5435028076	9.28330421448
17.0311088562	9.34402275085
20.9943466187	9.51281642914
23.1051559448	9.30526638031
22.7952060699	9.09821891785
22.3063354492	9.06986904144
21.7081775665	9.16373062134
21.876493454	9.55629348755
21.4289550781	9.79090690613
20.4795837402	9.7290058136
20.2742462158	10.5747919083
20.3089694977	10.8101530075
18.9438915253	11.1301050186
18.1932258606	12.0585184097
17.7039203644	12.6558122635
15.843875885	12.817440033
14.6171321869	12.7753620148
13.6882982254	12.4125328064
13.1280117035	12.0960483551
12.9945755005	13.2460298538
12.3234910965	13.0722751617
11.5610818863	12.9439411163
7.22019672394	13.3118896484
4.52293395996	13.9517288208
3.53205609322	14.2235050201
3.09816098213	14.3986349106
2.96082186699	13.8458185196
2.74423789978	13.7048254013
2.82045650482	13.180439949
2.85765695572	13.0833005905
2.64444351196	12.2859897614
2.55336761475	12.0926971436
2.13658428192	12.2818880081
1.99396800995	11.2478055954
2.10966181755	9.87689590454
2.08352041245	9.52627944946
1.96354973316	9.69692325592
1.78372693062	10.281671524
2.09011340141	10.2712583542
2.20963668823	8.98896121979
2.23459267616	8.59949111938
2.26352405548	9.11639881134
2.33119392395	8.54428291321
2.26521968842	7.87110519409
2.21059060097	7.47167158127
2.22697353363	7.28404140472
2.24419522285	7.01154756546
2.20780920982	7.01684999466
2.10808086395	7.71558475494
2.08895897865	8.10360908508
2.12025141716	7.87686729431
2.12325358391	7.75360774994
2.08960390091	7.74618864059
1.99081718922	8.10424137115
1.94416105747	8.0714673996
1.97061729431	8.01501941681
2.05060076714	7.63711452484
1.99419593811	7.13892745972
1.6199182272	7.40751552582
1.50406038761	7.17282104492
1.5795930624	6.97672796249
1.65376091003	6.21801376343
1.62447500229	6.16297483444
1.61656391621	6.14737844467
1.61516106129	5.99843978882
1.55641949177	6.53295326233
1.55579006672	7.43807697296
1.57644414902	7.38672828674
1.7049241066	6.63572883606
1.83554530144	6.20143079758
1.90930342674	6.15560340881
1.92639768124	6.11198616028
1.95125758648	5.40563106537
1.99144136906	5.1387963295
1.89717888832	5.5433177948
1.86667990685	5.73805332184
1.81649625301	6.12944173813
1.80398571491	5.98026657104
1.81173753738	5.34721374512
1.70613718033	5.40070343018
1.59956097603	5.25631141663
1.49839937687	5.45647001266
1.46325683594	5.52296209335
1.47268724442	5.61113119125
1.46569633484	5.61675930023
1.4465265274	5.26059675217
1.43745720387	4.94096279144
1.40709805489	4.71938180923
1.51926648617	4.69373655319
1.48945999146	4.7763299942
1.36206030846	4.77080202103
1.34735500813	4.87623548508
1.33215093613	4.86405992508
1.35079288483	4.61055994034
1.39030015469	4.33820104599
1.39355540276	4.26583051682
1.35527598858	3.87217640877
1.39986085892	4.06221818924
1.45503294468	4.34523487091
1.44824361801	4.19546604156
1.43439853191	4.08398342133
1.50892174244	3.86781263351
1.58660614491	3.80793404579
1.68855822086	3.78237724304
1.84297430515	3.73600363731
1.94518613815	3.45666193962
2.08891439438	2.90141773224
2.68350458145	2.98516392708
3.35584211349	3.02269434929
3.44469761848	3.21212100983
3.5418586731	3.21612858772
3.61823558807	2.94683218002
3.82349514961	2.87649393082
4.35859012604	2.94091534615
4.89628982544	2.92270064354
5.03541326523	2.78487253189
5.16715669632	2.76483535767
5.43635368347	2.55701994896
5.6329240799	2.34458494186
6.3762588501	2.43384051323
6.59003782272	2.47475242615
6.78972291946	2.73546528816
7.26034641266	3.23803567886
7.32233953476	3.27316331863
7.67529344559	3.26467466354
7.9159784317	3.49138903618
8.01811599731	3.73060488701
7.71971225739	3.72358322144
7.14416837692	3.92581272125
7.22921657562	4.21035003662
7.60203027725	4.87856245041
7.68219232559	5.25325918198
8.0789680481	5.54698944092
7.81074047089	5.54467535019
7.67371606827	5.50735235214
7.97181892395	5.60714817047
8.65092277527	5.80553770065
8.78551006317	6.1974067688
8.85712146759	6.54111480713
8.42955112457	6.44046592712
8.52315330505	6.56432962418
9.01757144928	6.39544677734
8.80797195435	6.48831987381
9.02831935883	6.3965420723
10.3013315201	6.46173858643
10.079328537	6.19180583954
10.5678806305	6.16854906082
11.1374559402	5.99564599991
11.4821434021	5.80037069321
11.4295053482	5.40567111969
11.4075689316	4.77908706665
11.6575422287	4.50811338425
12.7758016586	4.16830444336
14.1056480408	4.24643945694
14.6831216812	4.25867414474
14.8669614792	4.23763370514
14.1785850525	4.01974487305
14.672908783	3.60901474953
14.6448907852	3.22706580162
15.7582349777	3.13581132889
17.1268157959	3.04566955566
17.4012050629	3.01551294327
17.8890762329	2.66043949127
18.4337406158	2.74084019661
16.8428916931	2.74429345131
17.9027271271	2.73406672478
18.9047660828	2.49717521667
18.481306076	2.65450668335
18.4059524536	2.71260547638
19.0484352112	2.6680624485
19.762840271	2.66619443893
20.6338291168	2.64864397049
20.758682251	2.64125847816
19.8516216278	2.55568695068
18.9995441437	2.49739170074
18.6583557129	2.49278736115
19.7032604218	2.57599687576
19.4634971619	2.64370059967
19.8555755615	2.62627792358
19.316942215	2.62062096596
18.724395752	2.67362165451
18.4571228027	2.83234620094
18.2874336243	2.66416287422
18.0246543884	2.57374572754
18.8714485168	2.51424694061
18.5942344666	2.52463078499
17.5759029388	2.63845920563
17.5603923798	2.52404046059
17.129743576	2.50107765198
17.3735046387	2.5295112133
17.2431716919	2.66380310059
17.001953125	2.63315749168
16.5144481659	2.68535804749
16.1770153046	2.77093195915
16.6518230438	2.87378001213
17.495765686	2.85224890709
17.4748821259	2.88765835762
17.0508041382	2.97664380074
17.3915176392	3.11083674431
17.0963230133	3.15667724609
17.4274768829	3.12696003914
18.7540168762	2.94102525711
19.7757377625	2.92864966393
19.9090557098	2.95480585098
19.9960613251	2.98199057579
20.566444397	2.86812710762
20.922372818	2.85307216644
21.8224468231	2.80687141418
22.7274703979	2.94653320312
22.3502120972	2.99251866341
22.4061584473	2.89165139198
23.1766624451	2.87445306778
23.7425613403	2.81809043884
24.0673179626	2.66873574257
24.2072124481	2.74294924736
26.104675293	2.88646125793
26.5506477356	2.80533742905
28.243303299	2.85279798508
28.4867420197	2.91343283653
28.8963069916	2.80426335335
29.2888450623	2.78740763664
29.3142204285	2.92105436325
29.5817565918	2.99699091911
29.865606308	3.06839609146
29.7397346497	3.10237526894
29.1144065857	3.25827717781
30.0448493958	3.36896514893
29.3581600189	3.54274702072
30.1273155212	3.39413285255
31.808506012	3.27238702774
33.13646698	3.20456910133
31.5592441559	3.34316515923
31.4793834686	3.43007326126
31.8570957184	3.51531505585
32.6447067261	3.40220499039
31.6340999603	3.30538582802
30.9021320343	3.61397790909
30.8370113373	3.4987308979
30.1365795135	3.46462512016
33.23204422	3.66074371338
31.7268390656	3.70611619949
30.5591659546	3.56867718697
31.7139987946	3.46950650215
31.5877094269	3.5887491703
33.0964546204	3.67356705666
34.1089172363	3.72094273567
33.2234840393	3.70201206207
32.7856063843	3.51198220253
31.0941162109	3.58156085014
30.7952575684	3.54570627213
29.6327953339	3.66891813278
30.4189510345	3.60396432877
29.2864990234	3.51224017143
28.7282657623	3.4577703476
27.5086956024	3.35569429398
25.6056041718	3.29272222519
25.0307750702	3.01534104347
23.7945556641	2.98239994049
23.6826591492	2.89375448227
20.1107997894	2.82195210457
20.2574310303	2.78647899628
20.9598350525	2.89252662659
18.718624115	2.92076730728
18.0927219391	2.70853304863
15.8122730255	2.57018280029
14.1754798889	2.39730477333
13.5436792374	2.30219936371
14.5769786835	2.31113433838
16.2183895111	2.26047921181
14.1116437912	2.35414791107
12.917181015	2.22851467133
12.238366127	2.16173791885
12.554236412	2.22367763519
12.4016160965	2.41971468925
14.4971523285	2.40388917923
15.2872400284	2.43234610558
15.9357881546	2.53943014145
15.8090896606	2.53370475769
16.8822536469	2.47589564323
16.5467739105	2.36393475533
16.1799144745	2.2798178196
14.5236654282	2.1507267952
14.7486009598	2.1456553936
14.7496623993	2.11655974388
14.6499767303	2.18816280365
14.9116840363	2.16374516487
14.8519010544	2.05485439301
13.6154298782	2.03751301765
11.8937826157	2.01208996773
11.8656139374	1.88778173923
13.359085083	1.88412821293
14.2619686127	1.86599183083
13.4185905457	1.80105376244
13.1527919769	1.58250069618
11.0248250961	1.65082526207
10.1519260406	1.58969545364
9.2923822403	1.39940547943
9.32934188843	1.33682620525
9.1555223465	1.34215533733
9.16086387634	1.31504666805
9.38655471802	1.31088864803
9.52678871155	1.44043028355
8.59281826019	1.37793409824
8.30293750763	1.41918408871
8.35169887543	1.36895406246
8.42029571533	1.38823711872
8.40070915222	1.4675475359
9.75081920624	1.51795005798
9.80115032196	1.48571133614
9.85173797607	1.49755036831
8.23275089264	1.49145376682
6.9466881752	1.49490666389
6.78129434586	1.476085186
6.82454967499	1.50388085842
7.07165288925	1.49164915085
7.47689723969	1.58677411079
7.70272922516	1.62304317951
7.3649353981	1.70355188847
6.14474773407	1.68837082386
6.04050302505	1.74686300755
6.31280946732	1.78333175182
6.3802781105	1.7321113348
6.98906230927	1.74069690704
7.22908782959	1.80251455307
7.18948984146	1.82649898529
7.19865894318	1.82072889805
7.29761266708	1.75816595554
6.14763689041	1.68012845516
6.02790975571	1.75061058998
5.99855184555	1.74903190136
6.09304332733	1.72538590431
6.52938127518	1.69500827789
7.13554143906	1.7028594017
7.52979040146	1.66124033928
7.42155838013	1.65798246861
7.13593006134	1.62411415577
6.96209764481	1.59642350674
6.83659982681	1.4822871685
6.75480461121	1.44231498241
6.68306541443	1.41145277023
6.09223556519	1.3816409111
6.13211870193	1.29516220093
5.8706407547	1.28553545475
5.8938536644	1.16258406639
6.90717697144	1.12085163593
6.48067045212	1.14088177681
5.97769832611	1.12245893478
5.89249801636	1.11257731915
5.98639535904	1.01430106163
5.988032341	0.987586915493
5.91904687881	1.01074135303
5.5138220787	1.0284858942
4.8631105423	1.02574968338
4.31172561646	1.0346006155
4.38949203491	0.99437135458
5.19858264923	0.947076380253
5.3351521492	0.98360055685
5.39419269562	1.10397732258
5.32519674301	1.11859035492
5.29267835617	1.09165942669
5.2572221756	1.07874572277
4.97876596451	7.32535505295
4.4790263176	7.33257865906
4.3791270256	7.3403301239
3.38386678696	7.33294677734
3.37217926979	7.31430196762
3.59882640839	7.31377267838
3.53321003914	7.29447078705
3.46788787842	7.2990064621
3.44674921036	7.30773687363
3.4521355629	7.27745199203
3.4228682518	7.3709230423
3.4423687458	7.40828704834
3.48963689804	7.40133047104
3.0376033783	7.38929653168
2.08751678467	7.39204502106
1.89790189266	7.3596777916
1.80341303349	7.25063419342
1.9059022665	7.22357320786
1.91716647148	7.22997140884
1.97705674171	7.28416538239
1.97570598125	1.21367609501
1.97916376591	1.27615487576
1.79337263107	1.32308065891
1.6633336544	1.30467879772
1.57849860191	1.27095389366
1.36738467216	1.25085759163
1.31161868572	1.29433274269
1.29129815102	1.45636117458
1.23696017265	1.46102964878
1.21312069893	1.54054272175
1.22746527195	1.51296520233
1.22696208954	1.48340654373
1.15546548367	1.50688362122
1.06481969357	1.51623749733
1.08567774296	1.50981712341
1.01448130608	1.62648105621
0.956491649151	1.91179323196
0.851343095303	2.02448272705
0.833122074604	2.04039788246
0.76515853405	1.97492015362
0.76400667429	1.8077455759
0.735208332539	1.71591830254
0.711353778839	1.6854673624
0.688794374466	1.66938602924
0.645696520805	1.69028317928
0.613815069199	1.6980766058
0.612431287766	1.67763519287
0.596405744553	1.5317684412
0.599030017853	1.53014552593
0.581207573414	1.45687508583
0.561818540096	1.36732697487
0.538748800755	1.33918988705
0.542614102364	1.34518969059
0.546932578087	1.38807380199
0.617097854614	1.48875534534
0.709838688374	1.36892306805
0.736040532589	1.08281767368
0.752491354942	0.978072345257
0.75454556942	0.94042879343
0.756714522839	0.93261051178
0.770747303963	0.938166618347
0.781093001366	0.960033655167
0.788826823235	0.9352388978
0.780353724957	0.934983551502
0.824932456017	0.925485432148
0.849152565002	0.915559828281
0.872595012188	0.90771651268
0.890498280525	0.881158411503
0.989951550961	0.877895474434
1.02820277214	0.864254415035
1.03930962086	0.87737673521
1.04067385197	0.894508719444
1.12702822685	0.8618465662
1.28807592392	0.809829235077
1.28946876526	0.719248533249
1.19963085651	0.732907235622
1.15950548649	0.745150208473
1.14939117432	0.748932778835
1.14614737034	0.773480951786
1.15177297592	0.784103274345
1.14341104031	0.773399472237
1.12862491608	0.757177531719
1.11290919781	0.742133021355
1.14677882195	0.753693461418
1.12262737751	0.761816978455
1.27662789822	0.771362662315
1.36728298664	0.771362304688
1.35305178165	0.774124383926
1.29575777054	0.76676684618
1.32450258732	0.771054923534
1.37390983105	0.762745201588
1.54200935364	0.759541392326
1.58500874043	0.750716745853
1.5418702364	0.746268153191
1.48173034191	0.743349552155
1.4897711277	0.72012424469
1.48384642601	0.720203876495
1.5036367178	0.708718061447
1.56683182716	0.69769603014
1.63791835308	0.681523501873
1.67886006832	0.692719876766
1.71848642826	0.702729105949
1.71895205975	0.719268500805
1.75313210487	0.70979321003
1.80422127247	0.700999855995
1.69379174709	0.717445075512
1.70117008686	0.712815225124
1.75866270065	0.716631948948
1.72324323654	0.728015840054
1.66584336758	0.72692990303
1.61942815781	0.720535218716
1.59871149063	0.749342620373
1.50908255577	0.76562076807
1.40887713432	0.764225125313
1.37799787521	0.753622770309
1.43246626854	0.768895924091
1.53972709179	0.753766536713
1.52238810062	0.756945073605
1.51616406441	0.759038686752
1.47132730484	0.771306097507
1.5450026989	0.764298915863
1.71830248833	0.769224405289
1.9167778492	0.776310384274
1.96049618721	0.771586179733
1.9295643568	0.769142568111
1.86341416836	0.757085084915
1.77478981018	0.761589288712
1.72504508495	0.762356519699
1.73937177658	0.763280510902
1.75473809242	0.78348916769
1.76959741116	0.78845256567

